Version ID : 12.8.0
________________________________________________________________________________________________________________________________________________________________________
Body initial positions and orientations in global coordinates
________________________________________________________________________________________________________________________________________________________________________
Time : 10:20:10
Date : 11:11.2021
________________________________________________________________________________________________________________________________________________________________________
________________________________________________________________________________________________________________________________________________________________________
Body data for body number :  1 with the name :tower
Body initial position:                  0.00000E+00  0.00000E+00  0.00000E+00
Body initial velocity:                  0.00000E+00  0.00000E+00  0.00000E+00
Body initial rotation velocity vector:  0.00000E+00  0.00000E+00  0.00000E+00
Body mass     [kg]   :                  6.27396E+05
Body inertia  [kg m^2]:                 Ixx          Iyy          Izz          Ixy          Ixz          Iyz
                                        2.07189E+09  2.07189E+09  8.03535E+06  0.00000E+00  0.00000E+00  0.00000E+00
Body Center of gravity (Gl) [m]:        COG_x        COG_y        COG_z
                                        0.00000E+00  0.00000E+00  4.76161E+01
Body Center of gravity (Body) [m]:      COG_x        COG_y        COG_z
                                        0.00000E+00  0.00000E+00 -4.76161E+01
Body coo orientation (the A-matrix):
         xvec         yvec         zvec
  1.00000E+00  0.00000E+00  0.00000E+00
  0.00000E+00  1.00000E+00  0.00000E+00
  0.00000E+00  0.00000E+00  1.00000E+00
________________________________________________________________________________________________________________________________________________________________________
Body data for body number :  2 with the name :towertop
Body initial position:                  0.00000E+00  0.00000E+00 -1.15630E+02
Body initial velocity:                  0.00000E+00  0.00000E+00  0.00000E+00
Body initial rotation velocity vector:  0.00000E+00  0.00000E+00  0.00000E+00
Body mass     [kg]   :                  4.46040E+05
Body inertia  [kg m^2]:                 Ixx          Iyy          Izz          Ixy          Ixz          Iyz
                                        1.00024E+07  3.08662E+06  7.32639E+06  0.00000E+00  0.00000E+00 -2.93562E+06
Body Center of gravity (Gl) [m]:        COG_x        COG_y        COG_z
                                        0.00000E+00 -2.68700E+00  2.44939E+00
Body Center of gravity (Body) [m]:      COG_x        COG_y        COG_z
                                        0.00000E+00  2.68700E+00 -2.44939E+00
Body coo orientation (the A-matrix):
         xvec         yvec         zvec
  1.00000E+00  0.00000E+00  0.00000E+00
  0.00000E+00  1.00000E+00  0.00000E+00
  0.00000E+00  0.00000E+00  1.00000E+00
________________________________________________________________________________________________________________________________________________________________________
Body data for body number :  3 with the name :shaft
Body initial position:                  0.00000E+00  0.00000E+00 -1.18380E+02
Body initial velocity:                  0.00000E+00  0.00000E+00  0.00000E+00
Body initial rotation velocity vector:  0.00000E+00  0.00000E+00 -2.00000E-01
Body mass     [kg]   :                  1.05527E+05
Body inertia  [kg m^2]:                 Ixx          Iyy          Izz          Ixy          Ixz          Iyz
                                        5.31938E+06  5.31938E+06  4.07670E+06  0.00000E+00  0.00000E+00  0.00000E+00
Body Center of gravity (Gl) [m]:        COG_x        COG_y        COG_z
                                        0.00000E+00  7.07274E+00  6.18785E-01
Body Center of gravity (Body) [m]:      COG_x        COG_y        COG_z
                                        0.00000E+00  0.00000E+00  7.09976E+00
Body coo orientation (the A-matrix):
         xvec         yvec         zvec
  1.00000E+00  0.00000E+00  0.00000E+00
  0.00000E+00 -8.71557E-02 -9.96195E-01
  0.00000E+00  9.96195E-01 -8.71557E-02
________________________________________________________________________________________________________________________________________________________________________
Body data for body number :  4 with the name :hub1
Body initial position:                  0.00000E+00 -7.07298E+00 -1.18999E+02
Body initial velocity:                  1.80411E-16  0.00000E+00  0.00000E+00
Body initial rotation velocity vector:  9.24446E-33  1.99810E-01 -8.72388E-03
Body mass     [kg]   :                  2.80000E+00
Body inertia  [kg m^2]:                 Ixx          Iyy          Izz          Ixy          Ixz          Iyz
                                        1.36173E+01  1.36173E+01  1.26000E+01  0.00000E+00  0.00000E+00  0.00000E+00
Body Center of gravity (Gl) [m]:        COG_x        COG_y        COG_z
                                       -1.71287E-16 -6.10671E-02  1.39867E+00
Body Center of gravity (Body) [m]:      COG_x        COG_y        COG_z
                                        0.00000E+00  0.00000E+00  1.40000E+00
Body coo orientation (the A-matrix):
         xvec         yvec         zvec
 -1.00000E+00  5.34183E-18  1.22348E-16
  1.06735E-17  9.99048E-01  4.36194E-02
 -1.21999E-16  4.36194E-02 -9.99048E-01
________________________________________________________________________________________________________________________________________________________________________
Body data for body number :  5 with the name :hub2
Body initial position:                  0.00000E+00 -7.07298E+00 -1.18999E+02
Body initial velocity:                  1.80411E-16  0.00000E+00  0.00000E+00
Body initial rotation velocity vector:  6.24500E-17  1.99810E-01 -8.72388E-03
Body mass     [kg]   :                  2.80000E+00
Body inertia  [kg m^2]:                 Ixx          Iyy          Izz          Ixy          Ixz          Iyz
                                        1.36173E+01  1.36173E+01  1.26000E+01  0.00000E+00  0.00000E+00  0.00000E+00
Body Center of gravity (Gl) [m]:        COG_x        COG_y        COG_z
                                       -1.21128E+00  1.21786E-01 -6.91350E-01
Body Center of gravity (Body) [m]:      COG_x        COG_y        COG_z
                                        0.00000E+00  0.00000E+00  1.40000E+00
Body coo orientation (the A-matrix):
         xvec         yvec         zvec
  5.00000E-01  3.77755E-02  8.65201E-01
  7.54791E-02  9.93346E-01 -8.69898E-02
 -8.62730E-01  1.08799E-01  4.93822E-01
________________________________________________________________________________________________________________________________________________________________________
Body data for body number :  6 with the name :hub3
Body initial position:                  0.00000E+00 -7.07298E+00 -1.18999E+02
Body initial velocity:                  1.80411E-16  0.00000E+00  0.00000E+00
Body initial rotation velocity vector: -6.24500E-17  1.99810E-01 -8.72388E-03
Body mass     [kg]   :                  2.80000E+00
Body inertia  [kg m^2]:                 Ixx          Iyy          Izz          Ixy          Ixz          Iyz
                                        1.36173E+01  1.36173E+01  1.26000E+01  0.00000E+00  0.00000E+00  0.00000E+00
Body Center of gravity (Gl) [m]:        COG_x        COG_y        COG_z
                                        1.21128E+00  1.21786E-01 -6.91350E-01
Body Center of gravity (Body) [m]:      COG_x        COG_y        COG_z
                                        0.00000E+00  0.00000E+00  1.40000E+00
Body coo orientation (the A-matrix):
         xvec         yvec         zvec
  5.00000E-01 -3.77755E-02 -8.65201E-01
 -7.54791E-02  9.93346E-01 -8.69898E-02
  8.62730E-01  1.08799E-01  4.93822E-01
________________________________________________________________________________________________________________________________________________________________________
Body data for body number :  7 with the name :blade1_1
Body initial position:                 -5.72069E-03 -6.94975E+00 -1.21796E+02
Body initial velocity:                 -5.59476E-01 -9.97181E-05  1.13978E-03
Body initial rotation velocity vector:  9.62965E-33  1.99810E-01 -8.72388E-03
Body mass     [kg]   :                  7.84221E+03
Body inertia  [kg m^2]:                 Ixx          Iyy          Izz          Ixy          Ixz          Iyz
                                        1.39111E+05  1.37982E+05  5.01069E+04  5.43480E+02 -3.13213E+02 -3.94113E+02
Body Center of gravity (Gl) [m]:        COG_x        COG_y        COG_z
                                       -1.10026E-02 -1.28664E-01  3.29040E+00
Body Center of gravity (Body) [m]:      COG_x        COG_y        COG_z
                                       -1.10026E-02 -1.49841E-02  3.29288E+00
Body coo orientation (the A-matrix):
         xvec         yvec         zvec
 -1.00000E+00  5.34183E-18  1.22348E-16
  1.06735E-17  9.99048E-01  4.36194E-02
 -1.21999E-16  4.36194E-02 -9.99048E-01
________________________________________________________________________________________________________________________________________________________________________
Body data for body number :  8 with the name :blade1_2
Body initial position:                  1.06649E-02 -6.69099E+00 -1.28390E+02
Body initial velocity:                 -1.87777E+00  1.85901E-04 -2.12486E-03
Body initial rotation velocity vector:  1.04000E-32  1.99810E-01 -8.72388E-03
Body mass     [kg]   :                  3.28743E+03
Body inertia  [kg m^2]:                 Ixx          Iyy          Izz          Ixy          Ixz          Iyz
                                        1.92991E+04  1.92629E+04  1.94838E+04 -5.75198E+01 -6.16578E+01  2.47435E+01
Body Center of gravity (Gl) [m]:        COG_x        COG_y        COG_z
                                       -1.47594E-02 -6.01449E-02  1.46922E+00
Body Center of gravity (Body) [m]:      COG_x        COG_y        COG_z
                                       -1.47594E-02 -3.99883E-03  1.47045E+00
Body coo orientation (the A-matrix):
         xvec         yvec         zvec
 -1.00000E+00  5.34183E-18  1.22348E-16
  1.06735E-17  9.99048E-01  4.36194E-02
 -1.21999E-16  4.36194E-02 -9.99048E-01
________________________________________________________________________________________________________________________________________________________________________
Body data for body number :  9 with the name :blade1_3
Body initial position:                  1.88477E-02 -6.57581E+00 -1.31359E+02
Body initial velocity:                 -2.47133E+00  3.28536E-04 -3.75519E-03
Body initial rotation velocity vector:  1.04000E-32  1.99810E-01 -8.72388E-03
Body mass     [kg]   :                  3.80331E+03
Body inertia  [kg m^2]:                 Ixx          Iyy          Izz          Ixy          Ixz          Iyz
                                        2.85658E+04  2.78149E+04  1.95411E+04 -8.34126E+02 -2.07571E+02  1.26669E+02
Body Center of gravity (Gl) [m]:        COG_x        COG_y        COG_z
                                       -3.07624E-02 -9.21535E-02  1.89468E+00
Body Center of gravity (Body) [m]:      COG_x        COG_y        COG_z
                                       -3.07624E-02  9.42095E-03  1.89690E+00
Body coo orientation (the A-matrix):
         xvec         yvec         zvec
 -1.00000E+00  5.34183E-18  1.22348E-16
  1.06735E-17  9.99048E-01  4.36194E-02
 -1.21999E-16  4.36194E-02 -9.99048E-01
________________________________________________________________________________________________________________________________________________________________________
Body data for body number : 10 with the name :blade1_4
Body initial position:                  5.62426E-02 -6.44134E+00 -1.35222E+02
Body initial velocity:                 -3.24324E+00  9.80373E-04 -1.12057E-02
Body initial rotation velocity vector:  1.07852E-32  1.99810E-01 -8.72388E-03
Body mass     [kg]   :                  2.72579E+03
Body inertia  [kg m^2]:                 Ixx          Iyy          Izz          Ixy          Ixz          Iyz
                                        1.41164E+04  1.47704E+04  1.16802E+04 -1.22253E+03 -1.90867E+02  1.53293E+02
Body Center of gravity (Gl) [m]:        COG_x        COG_y        COG_z
                                       -5.25087E-02 -1.09884E-01  1.53103E+00
Body Center of gravity (Body) [m]:      COG_x        COG_y        COG_z
                                       -5.25087E-02  4.29973E-02  1.53437E+00
Body coo orientation (the A-matrix):
         xvec         yvec         zvec
 -1.00000E+00  5.34183E-18  1.22348E-16
  1.06735E-17  9.99048E-01  4.36194E-02
 -1.21999E-16  4.36194E-02 -9.99048E-01
________________________________________________________________________________________________________________________________________________________________________
Body data for body number : 11 with the name :blade1_5
Body initial position:                  8.03670E-02 -6.28857E+00 -1.38313E+02
Body initial velocity:                 -3.86183E+00  1.40089E-03 -1.60122E-02
Body initial rotation velocity vector:  1.15556E-32  1.99810E-01 -8.72388E-03
Body mass     [kg]   :                  7.69707E+03
Body inertia  [kg m^2]:                 Ixx          Iyy          Izz          Ixy          Ixz          Iyz
                                        2.74896E+05  2.84720E+05  2.72885E+04 -3.00276E+03 -6.79476E+03  6.37211E+02
Body Center of gravity (Gl) [m]:        COG_x        COG_y        COG_z
                                       -1.51834E-01 -2.44260E-01  5.02552E+00
Body Center of gravity (Body) [m]:      COG_x        COG_y        COG_z
                                       -1.51834E-01  2.48168E-02  5.03139E+00
Body coo orientation (the A-matrix):
         xvec         yvec         zvec
 -1.00000E+00  5.34183E-18  1.22348E-16
  1.06735E-17  9.99048E-01  4.36194E-02
 -1.21999E-16  4.36194E-02 -9.99048E-01
________________________________________________________________________________________________________________________________________________________________________
Body data for body number : 12 with the name :blade1_6
Body initial position:                  1.05220E-01 -5.88174E+00 -1.48867E+02
Body initial velocity:                 -5.97157E+00  1.83411E-03 -2.09640E-02
Body initial rotation velocity vector:  1.23260E-32  1.99810E-01 -8.72388E-03
Body mass     [kg]   :                  5.99218E+03
Body inertia  [kg m^2]:                 Ixx          Iyy          Izz          Ixy          Ixz          Iyz
                                        2.17316E+05  2.27222E+05  1.70526E+04 -1.03288E+03 -6.42691E+03 -3.15000E+03
Body Center of gravity (Gl) [m]:        COG_x        COG_y        COG_z
                                       -2.04779E-01 -1.56670E-01  5.13854E+00
Body Center of gravity (Body) [m]:      COG_x        COG_y        COG_z
                                       -2.04779E-01 -6.76193E-02  5.14048E+00
Body coo orientation (the A-matrix):
         xvec         yvec         zvec
 -1.00000E+00  5.34183E-18  1.22348E-16
  1.06735E-17  9.99048E-01  4.36194E-02
 -1.21999E-16  4.36194E-02 -9.99048E-01
________________________________________________________________________________________________________________________________________________________________________
Body data for body number : 13 with the name :blade1_7
Body initial position:                  1.18567E-01 -5.62555E+00 -1.59405E+02
Body initial velocity:                 -8.07572E+00  2.06675E-03 -2.36231E-02
Body initial rotation velocity vector:  1.27111E-32  1.99810E-01 -8.72388E-03
Body mass     [kg]   :                  8.70281E+03
Body inertia  [kg m^2]:                 Ixx          Iyy          Izz          Ixy          Ixz          Iyz
                                        1.11210E+06  1.12110E+06  1.59500E+04 -1.32098E+02 -9.03178E+03 -3.34631E+04
Body Center of gravity (Gl) [m]:        COG_x        COG_y        COG_z
                                       -1.27662E-01 -1.42332E-01  9.60885E+00
Body Center of gravity (Body) [m]:      COG_x        COG_y        COG_z
                                       -1.27662E-01 -2.76936E-01  9.60591E+00
Body coo orientation (the A-matrix):
         xvec         yvec         zvec
 -1.00000E+00  5.34183E-18  1.22348E-16
  1.06735E-17  9.99048E-01  4.36194E-02
 -1.21999E-16  4.36194E-02 -9.99048E-01
________________________________________________________________________________________________________________________________________________________________________
Body data for body number : 14 with the name :blade1_8
Body initial position:                  4.85235E-02 -5.41794E+00 -1.80096E+02
Body initial velocity:                 -1.22018E+01  8.45820E-04 -9.66777E-03
Body initial rotation velocity vector:  1.34815E-32  1.99810E-01 -8.72388E-03
Body mass     [kg]   :                  4.69840E+03
Body inertia  [kg m^2]:                 Ixx          Iyy          Izz          Ixy          Ixz          Iyz
                                        5.69055E+05  5.69673E+05  5.25492E+03  2.65677E+02 -3.89666E+03 -3.18318E+04
Body Center of gravity (Gl) [m]:        COG_x        COG_y        COG_z
                                       -9.75599E-02  1.03271E-01  9.23897E+00
Body Center of gravity (Body) [m]:      COG_x        COG_y        COG_z
                                       -9.75599E-02 -5.06171E-01  9.22567E+00
Body coo orientation (the A-matrix):
         xvec         yvec         zvec
 -1.00000E+00  5.34183E-18  1.22348E-16
  1.06735E-17  9.99048E-01  4.36194E-02
 -1.21999E-16  4.36194E-02 -9.99048E-01
________________________________________________________________________________________________________________________________________________________________________
Body data for body number : 15 with the name :blade1_9
Body initial position:                  5.75390E-02 -5.76246E+00 -2.01256E+02
Body initial velocity:                 -1.64117E+01  1.00297E-03 -1.14640E-02
Body initial rotation velocity vector:  1.46371E-32  1.99810E-01 -8.72388E-03
Body mass     [kg]   :                  9.74584E+02
Body inertia  [kg m^2]:                 Ixx          Iyy          Izz          Ixy          Ixz          Iyz
                                        3.18800E+04  3.19138E+04  5.57800E+02  5.08140E+01 -4.69952E+02 -2.60694E+03
Body Center of gravity (Gl) [m]:        COG_x        COG_y        COG_z
                                       -9.03833E-02  1.88627E-01  4.89437E+00
Body Center of gravity (Body) [m]:      COG_x        COG_y        COG_z
                                       -9.03833E-02 -4.01937E-01  4.88148E+00
Body coo orientation (the A-matrix):
         xvec         yvec         zvec
 -1.00000E+00  5.34183E-18  1.22348E-16
  1.06735E-17  9.99048E-01  4.36194E-02
 -1.21999E-16  4.36194E-02 -9.99048E-01
________________________________________________________________________________________________________________________________________________________________________
Body data for body number : 16 with the name :blade1_10
Body initial position:                  1.25212E-01 -6.20155E+00 -2.12066E+02
Body initial velocity:                 -1.85578E+01  2.18258E-03 -2.49470E-02
Body initial rotation velocity vector:  1.54074E-32  1.99810E-01 -8.72388E-03
Body mass     [kg]   :                  1.58921E+02
Body inertia  [kg m^2]:                 Ixx          Iyy          Izz          Ixy          Ixz          Iyz
                                        9.20399E+02  9.36642E+02  3.96355E+01  2.53088E+00 -1.03639E+01 -8.84844E+01
Body Center of gravity (Gl) [m]:        COG_x        COG_y        COG_z
                                       -4.36859E-02  1.07402E-01  2.00174E+00
Body Center of gravity (Body) [m]:      COG_x        COG_y        COG_z
                                       -4.36859E-02 -1.94615E-01  1.99515E+00
Body coo orientation (the A-matrix):
         xvec         yvec         zvec
 -1.00000E+00  5.34183E-18  1.22348E-16
  1.06735E-17  9.99048E-01  4.36194E-02
 -1.21999E-16  4.36194E-02 -9.99048E-01
________________________________________________________________________________________________________________________________________________________________________
Body data for body number : 17 with the name :blade2_1
Body initial position:                  2.42546E+00 -7.31503E+00 -1.17621E+02
Body initial velocity:                  2.78747E-01  4.22786E-02 -4.83247E-01
Body initial rotation velocity vector:  6.24500E-17  1.99810E-01 -8.72388E-03
Body mass     [kg]   :                  7.84221E+03
Body inertia  [kg m^2]:                 Ixx          Iyy          Izz          Ixy          Ixz          Iyz
                                        1.39111E+05  1.37982E+05  5.01069E+04  5.43480E+02 -3.13213E+02 -3.94113E+02
Body Center of gravity (Gl) [m]:        COG_x        COG_y        COG_z
                                       -2.84294E+00  3.02162E-01 -1.63396E+00
Body Center of gravity (Body) [m]:      COG_x        COG_y        COG_z
                                       -1.10026E-02 -1.49841E-02  3.29288E+00
Body coo orientation (the A-matrix):
         xvec         yvec         zvec
  5.00000E-01  3.77755E-02  8.65201E-01
  7.54791E-02  9.93346E-01 -8.69898E-02
 -8.62730E-01  1.08799E-01  4.93822E-01
________________________________________________________________________________________________________________________________________________________________________
Body data for body number : 18 with the name :blade2_2
Body initial position:                  8.12566E+00 -7.91923E+00 -1.14351E+02
Body initial velocity:                  9.40733E-01  1.41640E-01 -1.61895E+00
Body initial rotation velocity vector:  6.24500E-17  1.99810E-01 -8.72388E-03
Body mass     [kg]   :                  3.28743E+03
Body inertia  [kg m^2]:                 Ixx          Iyy          Izz          Ixy          Ixz          Iyz
                                        1.92991E+04  1.92629E+04  1.94838E+04 -5.75198E+01 -6.16578E+01  2.47435E+01
Body Center of gravity (Gl) [m]:        COG_x        COG_y        COG_z
                                       -1.26470E+00  1.33000E-01 -7.38436E-01
Body Center of gravity (Body) [m]:      COG_x        COG_y        COG_z
                                       -1.47594E-02 -3.99883E-03  1.47045E+00
Body coo orientation (the A-matrix):
         xvec         yvec         zvec
  5.00000E-01  3.77755E-02  8.65201E-01
  7.54791E-02  9.93346E-01 -8.69898E-02
 -8.62730E-01  1.08799E-01  4.93822E-01
________________________________________________________________________________________________________________________________________________________________________
Body data for body number : 19 with the name :blade2_3
Body initial position:                  1.06918E+01 -8.19266E+00 -1.12878E+02
Body initial velocity:                  1.23893E+00  1.86370E-01 -2.13022E+00
Body initial rotation velocity vector:  6.24500E-17  1.99810E-01 -8.72388E-03
Body mass     [kg]   :                  3.80331E+03
Body inertia  [kg m^2]:                 Ixx          Iyy          Izz          Ixy          Ixz          Iyz
                                        2.85658E+04  2.78149E+04  1.95411E+04 -8.34126E+02 -2.07571E+02  1.26669E+02
Body Center of gravity (Gl) [m]:        COG_x        COG_y        COG_z
                                       -1.62617E+00  1.57974E-01 -9.64293E-01
Body Center of gravity (Body) [m]:      COG_x        COG_y        COG_z
                                       -3.07624E-02  9.42095E-03  1.89690E+00
Body coo orientation (the A-matrix):
         xvec         yvec         zvec
  5.00000E-01  3.77755E-02  8.65201E-01
  7.54791E-02  9.93346E-01 -8.69898E-02
 -8.62730E-01  1.08799E-01  4.93822E-01
________________________________________________________________________________________________________________________________________________________________________
Body data for body number : 20 with the name :blade2_4
Body initial position:                  1.40155E+01 -8.56559E+00 -1.10941E+02
Body initial velocity:                  1.63136E+00  2.44307E-01 -2.79244E+00
Body initial rotation velocity vector:  6.59195E-17  1.99810E-01 -8.72388E-03
Body mass     [kg]   :                  2.72579E+03
Body inertia  [kg m^2]:                 Ixx          Iyy          Izz          Ixy          Ixz          Iyz
                                        1.41164E+04  1.47704E+04  1.16802E+04 -1.22253E+03 -1.90867E+02  1.53293E+02
Body Center of gravity (Gl) [m]:        COG_x        COG_y        COG_z
                                       -1.30291E+00  9.47263E-02 -8.07682E-01
Body Center of gravity (Body) [m]:      COG_x        COG_y        COG_z
                                       -5.25087E-02  4.29973E-02  1.53437E+00
Body coo orientation (the A-matrix):
         xvec         yvec         zvec
  5.00000E-01  3.77755E-02  8.65201E-01
  7.54791E-02  9.93346E-01 -8.69898E-02
 -8.62730E-01  1.08799E-01  4.93822E-01
________________________________________________________________________________________________________________________________________________________________________
Body data for body number : 21 with the name :blade2_5
Body initial position:                  1.66820E+01 -8.81899E+00 -1.09390E+02
Body initial velocity:                  1.94483E+00  2.90787E-01 -3.32371E+00
Body initial rotation velocity vector:  6.59195E-17  1.99810E-01 -8.72388E-03
Body mass     [kg]   :                  7.69707E+03
Body inertia  [kg m^2]:                 Ixx          Iyy          Izz          Ixy          Ixz          Iyz
                                        2.74896E+05  2.84720E+05  2.72885E+04 -3.00276E+03 -6.79476E+03  6.37211E+02
Body Center of gravity (Gl) [m]:        COG_x        COG_y        COG_z
                                       -4.27819E+00  4.24489E-01 -2.61830E+00
Body Center of gravity (Body) [m]:      COG_x        COG_y        COG_z
                                       -1.51834E-01  2.48168E-02  5.03139E+00
Body coo orientation (the A-matrix):
         xvec         yvec         zvec
  5.00000E-01  3.77755E-02  8.65201E-01
  7.54791E-02  9.93346E-01 -8.69898E-02
 -8.62730E-01  1.08799E-01  4.93822E-01
________________________________________________________________________________________________________________________________________________________________________
Body data for body number : 22 with the name :blade2_6
Body initial position:                  2.58051E+01 -9.79311E+00 -1.04159E+02
Body initial velocity:                  3.00401E+00  4.49812E-01 -5.14137E+00
Body initial rotation velocity vector:  6.41848E-17  1.99810E-01 -8.72388E-03
Body mass     [kg]   :                  5.99218E+03
Body inertia  [kg m^2]:                 Ixx          Iyy          Izz          Ixy          Ixz          Iyz
                                        2.17316E+05  2.27222E+05  1.70526E+04 -1.03288E+03 -6.42691E+03 -3.15000E+03
Body Center of gravity (Gl) [m]:        COG_x        COG_y        COG_z
                                       -4.34260E+00  5.29795E-01 -2.70779E+00
Body Center of gravity (Body) [m]:      COG_x        COG_y        COG_z
                                       -2.04779E-01 -6.76193E-02  5.14048E+00
Body coo orientation (the A-matrix):
         xvec         yvec         zvec
  5.00000E-01  3.77755E-02  8.65201E-01
  7.54791E-02  9.93346E-01 -8.69898E-02
 -8.62730E-01  1.08799E-01  4.93822E-01
________________________________________________________________________________________________________________________________________________________________________
Body data for body number : 23 with the name :blade2_7
Body initial position:                  3.49096E+01 -1.09133E+01 -9.89653E+01
Body initial velocity:                  4.05839E+00  6.08514E-01 -6.95535E+00
Body initial rotation velocity vector:  6.59195E-17  1.99810E-01 -8.72388E-03
Body mass     [kg]   :                  8.70281E+03
Body inertia  [kg m^2]:                 Ixx          Iyy          Izz          Ixy          Ixz          Iyz
                                        1.11210E+06  1.12110E+06  1.59500E+04 -1.32098E+02 -9.03178E+03 -3.34631E+04
Body Center of gravity (Gl) [m]:        COG_x        COG_y        COG_z
                                       -8.23675E+00  1.12035E+00 -4.82361E+00
Body Center of gravity (Body) [m]:      COG_x        COG_y        COG_z
                                       -1.27662E-01 -2.76936E-01  9.60591E+00
Body coo orientation (the A-matrix):
         xvec         yvec         zvec
  5.00000E-01  3.77755E-02  8.65201E-01
  7.54791E-02  9.93346E-01 -8.69898E-02
 -8.62730E-01  1.08799E-01  4.93822E-01
________________________________________________________________________________________________________________________________________________________________________
Body data for body number : 24 with the name :blade2_8
Body initial position:                  5.28109E+01 -1.33975E+01 -8.88890E+01
Body initial velocity:                  6.10929E+00  9.20555E-01 -1.05220E+01
Body initial rotation velocity vector:  6.41848E-17  1.99810E-01 -8.72388E-03
Body mass     [kg]   :                  4.69840E+03
Body inertia  [kg m^2]:                 Ixx          Iyy          Izz          Ixy          Ixz          Iyz
                                        5.69055E+05  5.69673E+05  5.25492E+03  2.65677E+02 -3.89666E+03 -3.18318E+04
Body Center of gravity (Gl) [m]:        COG_x        COG_y        COG_z
                                       -7.91416E+00  1.31271E+00 -4.58493E+00
Body Center of gravity (Body) [m]:      COG_x        COG_y        COG_z
                                       -9.75599E-02 -5.06171E-01  9.22567E+00
Body coo orientation (the A-matrix):
         xvec         yvec         zvec
  5.00000E-01  3.77755E-02  8.65201E-01
  7.54791E-02  9.93346E-01 -8.69898E-02
 -8.62730E-01  1.08799E-01  4.93822E-01
________________________________________________________________________________________________________________________________________________________________________
Body data for body number : 25 with the name :blade2_9
Body initial position:                  7.10360E+01 -1.64946E+01 -7.85871E+01
Body initial velocity:                  8.21582E+00  1.23824E+00 -1.41531E+01
Body initial rotation velocity vector:  6.41848E-17  1.99810E-01 -8.72388E-03
Body mass     [kg]   :                  9.74584E+02
Body inertia  [kg m^2]:                 Ixx          Iyy          Izz          Ixy          Ixz          Iyz
                                        3.18800E+04  3.19138E+04  5.57800E+02  5.08140E+01 -4.69952E+02 -2.60694E+03
Body Center of gravity (Gl) [m]:        COG_x        COG_y        COG_z
                                       -4.16309E+00  8.30723E-01 -2.44483E+00
Body Center of gravity (Body) [m]:      COG_x        COG_y        COG_z
                                       -9.03833E-02 -4.01937E-01  4.88148E+00
Body coo orientation (the A-matrix):
         xvec         yvec         zvec
  5.00000E-01  3.77755E-02  8.65201E-01
  7.54791E-02  9.93346E-01 -8.69898E-02
 -8.62730E-01  1.08799E-01  4.93822E-01
________________________________________________________________________________________________________________________________________________________________________
Body data for body number : 26 with the name :blade2_10
Body initial position:                  8.02950E+01 -1.83416E+01 -7.33041E+01
Body initial velocity:                  9.30059E+00  1.39963E+00 -1.59979E+01
Body initial rotation velocity vector:  6.59195E-17  1.99810E-01 -8.72388E-03
Body mass     [kg]   :                  1.58921E+02
Body inertia  [kg m^2]:                 Ixx          Iyy          Izz          Ixy          Ixz          Iyz
                                        9.20399E+02  9.36642E+02  3.96355E+01  2.53088E+00 -1.03639E+01 -8.84844E+01
Body Center of gravity (Gl) [m]:        COG_x        COG_y        COG_z
                                       -1.69701E+00  3.70175E-01 -1.00176E+00
Body Center of gravity (Body) [m]:      COG_x        COG_y        COG_z
                                       -4.36859E-02 -1.94615E-01  1.99515E+00
Body coo orientation (the A-matrix):
         xvec         yvec         zvec
  5.00000E-01  3.77755E-02  8.65201E-01
  7.54791E-02  9.93346E-01 -8.69898E-02
 -8.62730E-01  1.08799E-01  4.93822E-01
________________________________________________________________________________________________________________________________________________________________________
Body data for body number : 27 with the name :blade3_1
Body initial position:                 -2.41974E+00 -7.31589E+00 -1.17611E+02
Body initial velocity:                  2.80729E-01 -4.21789E-02  4.82107E-01
Body initial rotation velocity vector: -6.24500E-17  1.99810E-01 -8.72388E-03
Body mass     [kg]   :                  7.84221E+03
Body inertia  [kg m^2]:                 Ixx          Iyy          Izz          Ixy          Ixz          Iyz
                                        1.39111E+05  1.37982E+05  5.01069E+04  5.43480E+02 -3.13213E+02 -3.94113E+02
Body Center of gravity (Gl) [m]:        COG_x        COG_y        COG_z
                                        2.85394E+00  3.00501E-01 -1.61498E+00
Body Center of gravity (Body) [m]:      COG_x        COG_y        COG_z
                                       -1.10026E-02 -1.49841E-02  3.29288E+00
Body coo orientation (the A-matrix):
         xvec         yvec         zvec
  5.00000E-01 -3.77755E-02 -8.65201E-01
 -7.54791E-02  9.93346E-01 -8.69898E-02
  8.62730E-01  1.08799E-01  4.93822E-01
________________________________________________________________________________________________________________________________________________________________________
Body data for body number : 28 with the name :blade3_2
Body initial position:                 -8.13632E+00 -7.91762E+00 -1.14370E+02
Body initial velocity:                  9.37039E-01 -1.41825E-01  1.62107E+00
Body initial rotation velocity vector: -6.24500E-17  1.99810E-01 -8.72388E-03
Body mass     [kg]   :                  3.28743E+03
Body inertia  [kg m^2]:                 Ixx          Iyy          Izz          Ixy          Ixz          Iyz
                                        1.92991E+04  1.92629E+04  1.94838E+04 -5.75198E+01 -6.16578E+01  2.47435E+01
Body Center of gravity (Gl) [m]:        COG_x        COG_y        COG_z
                                        1.27946E+00  1.30772E-01 -7.12970E-01
Body Center of gravity (Body) [m]:      COG_x        COG_y        COG_z
                                       -1.47594E-02 -3.99883E-03  1.47045E+00
Body coo orientation (the A-matrix):
         xvec         yvec         zvec
  5.00000E-01 -3.77755E-02 -8.65201E-01
 -7.54791E-02  9.93346E-01 -8.69898E-02
  8.62730E-01  1.08799E-01  4.93822E-01
________________________________________________________________________________________________________________________________________________________________________
Body data for body number : 29 with the name :blade3_3
Body initial position:                 -1.07106E+01 -8.18982E+00 -1.12911E+02
Body initial velocity:                  1.23240E+00 -1.86698E-01  2.13397E+00
Body initial rotation velocity vector: -6.24500E-17  1.99810E-01 -8.72388E-03
Body mass     [kg]   :                  3.80331E+03
Body inertia  [kg m^2]:                 Ixx          Iyy          Izz          Ixy          Ixz          Iyz
                                        2.85658E+04  2.78149E+04  1.95411E+04 -8.34126E+02 -2.07571E+02  1.26669E+02
Body Center of gravity (Gl) [m]:        COG_x        COG_y        COG_z
                                        1.65693E+00  1.53330E-01 -9.11214E-01
Body Center of gravity (Body) [m]:      COG_x        COG_y        COG_z
                                       -3.07624E-02  9.42095E-03  1.89690E+00
Body coo orientation (the A-matrix):
         xvec         yvec         zvec
  5.00000E-01 -3.77755E-02 -8.65201E-01
 -7.54791E-02  9.93346E-01 -8.69898E-02
  8.62730E-01  1.08799E-01  4.93822E-01
________________________________________________________________________________________________________________________________________________________________________
Body data for body number : 30 with the name :blade3_4
Body initial position:                 -1.40718E+01 -8.55710E+00 -1.11038E+02
Body initial velocity:                  1.61188E+00 -2.45287E-01  2.80365E+00
Body initial rotation velocity vector: -6.59195E-17  1.99810E-01 -8.72388E-03
Body mass     [kg]   :                  2.72579E+03
Body inertia  [kg m^2]:                 Ixx          Iyy          Izz          Ixy          Ixz          Iyz
                                        1.41164E+04  1.47704E+04  1.16802E+04 -1.22253E+03 -1.90867E+02  1.53293E+02
Body Center of gravity (Gl) [m]:        COG_x        COG_y        COG_z
                                        1.35541E+00  8.67997E-02 -7.17080E-01
Body Center of gravity (Body) [m]:      COG_x        COG_y        COG_z
                                       -5.25087E-02  4.29973E-02  1.53437E+00
Body coo orientation (the A-matrix):
         xvec         yvec         zvec
  5.00000E-01 -3.77755E-02 -8.65201E-01
 -7.54791E-02  9.93346E-01 -8.69898E-02
  8.62730E-01  1.08799E-01  4.93822E-01
________________________________________________________________________________________________________________________________________________________________________
Body data for body number : 31 with the name :blade3_5
Body initial position:                 -1.67624E+01 -8.80686E+00 -1.09529E+02
Body initial velocity:                  1.91699E+00 -2.92188E-01  3.33972E+00
Body initial rotation velocity vector: -6.59195E-17  1.99810E-01 -8.72388E-03
Body mass     [kg]   :                  7.69707E+03
Body inertia  [kg m^2]:                 Ixx          Iyy          Izz          Ixy          Ixz          Iyz
                                        2.74896E+05  2.84720E+05  2.72885E+04 -3.00276E+03 -6.79476E+03  6.37211E+02
Body Center of gravity (Gl) [m]:        COG_x        COG_y        COG_z
                                        4.43002E+00  4.01568E-01 -2.35632E+00
Body Center of gravity (Body) [m]:      COG_x        COG_y        COG_z
                                       -1.51834E-01  2.48168E-02  5.03139E+00
Body coo orientation (the A-matrix):
         xvec         yvec         zvec
  5.00000E-01 -3.77755E-02 -8.65201E-01
 -7.54791E-02  9.93346E-01 -8.69898E-02
  8.62730E-01  1.08799E-01  4.93822E-01
________________________________________________________________________________________________________________________________________________________________________
Body data for body number : 32 with the name :blade3_6
Body initial position:                 -2.59103E+01 -9.77723E+00 -1.04341E+02
Body initial velocity:                  2.96756E+00 -4.51646E-01  5.16234E+00
Body initial rotation velocity vector: -6.41848E-17  1.99810E-01 -8.72388E-03
Body mass     [kg]   :                  5.99218E+03
Body inertia  [kg m^2]:                 Ixx          Iyy          Izz          Ixy          Ixz          Iyz
                                        2.17316E+05  2.27222E+05  1.70526E+04 -1.03288E+03 -6.42691E+03 -3.15000E+03
Body Center of gravity (Gl) [m]:        COG_x        COG_y        COG_z
                                        4.54738E+00  4.98882E-01 -2.35445E+00
Body Center of gravity (Body) [m]:      COG_x        COG_y        COG_z
                                       -2.04779E-01 -6.76193E-02  5.14048E+00
Body coo orientation (the A-matrix):
         xvec         yvec         zvec
  5.00000E-01 -3.77755E-02 -8.65201E-01
