Version ID : 12.8.0
________________________________________________________________________________________________________________________________________________________________________
Body initial positions and orientations in global coordinates
________________________________________________________________________________________________________________________________________________________________________
Time : 11:10:41
Date : 11:11.2021
________________________________________________________________________________________________________________________________________________________________________
________________________________________________________________________________________________________________________________________________________________________
Body data for body number :  1 with the name :tower
Body initial position:                  0.00000E+00  0.00000E+00  0.00000E+00
Body initial velocity:                  0.00000E+00  0.00000E+00  0.00000E+00
Body initial rotation velocity vector:  0.00000E+00  0.00000E+00  0.00000E+00
Body mass     [kg]   :                  6.27396E+05
Body inertia  [kg m^2]:                 Ixx          Iyy          Izz          Ixy          Ixz          Iyz
                                        2.07189E+09  2.07189E+09  8.03535E+06  0.00000E+00  0.00000E+00  0.00000E+00
Body Center of gravity (Gl) [m]:        COG_x        COG_y        COG_z
                                        0.00000E+00  0.00000E+00  4.76161E+01
Body Center of gravity (Body) [m]:      COG_x        COG_y        COG_z
                                        0.00000E+00  0.00000E+00 -4.76161E+01
Body coo orientation (the A-matrix):
         xvec         yvec         zvec
  1.00000E+00  0.00000E+00  0.00000E+00
  0.00000E+00  1.00000E+00  0.00000E+00
  0.00000E+00  0.00000E+00  1.00000E+00
________________________________________________________________________________________________________________________________________________________________________
Body data for body number :  2 with the name :towertop
Body initial position:                  0.00000E+00  0.00000E+00 -1.15630E+02
Body initial velocity:                  0.00000E+00  0.00000E+00  0.00000E+00
Body initial rotation velocity vector:  0.00000E+00  0.00000E+00  0.00000E+00
Body mass     [kg]   :                  4.46040E+05
Body inertia  [kg m^2]:                 Ixx          Iyy          Izz          Ixy          Ixz          Iyz
                                        1.00024E+07  3.08662E+06  7.32639E+06  0.00000E+00  0.00000E+00 -2.93562E+06
Body Center of gravity (Gl) [m]:        COG_x        COG_y        COG_z
                                        0.00000E+00 -2.68700E+00  2.44939E+00
Body Center of gravity (Body) [m]:      COG_x        COG_y        COG_z
                                        0.00000E+00  2.68700E+00 -2.44939E+00
Body coo orientation (the A-matrix):
         xvec         yvec         zvec
  1.00000E+00  0.00000E+00  0.00000E+00
  0.00000E+00  1.00000E+00  0.00000E+00
  0.00000E+00  0.00000E+00  1.00000E+00
________________________________________________________________________________________________________________________________________________________________________
Body data for body number :  3 with the name :shaft
Body initial position:                  0.00000E+00  0.00000E+00 -1.18380E+02
Body initial velocity:                  0.00000E+00  0.00000E+00  0.00000E+00
Body initial rotation velocity vector:  0.00000E+00  0.00000E+00 -2.00000E-01
Body mass     [kg]   :                  1.05527E+05
Body inertia  [kg m^2]:                 Ixx          Iyy          Izz          Ixy          Ixz          Iyz
                                        5.31938E+06  5.31938E+06  4.07670E+06  0.00000E+00  0.00000E+00  0.00000E+00
Body Center of gravity (Gl) [m]:        COG_x        COG_y        COG_z
                                        0.00000E+00  7.07274E+00  6.18785E-01
Body Center of gravity (Body) [m]:      COG_x        COG_y        COG_z
                                        0.00000E+00  0.00000E+00  7.09976E+00
Body coo orientation (the A-matrix):
         xvec         yvec         zvec
  1.00000E+00  0.00000E+00  0.00000E+00
  0.00000E+00 -8.71557E-02 -9.96195E-01
  0.00000E+00  9.96195E-01 -8.71557E-02
________________________________________________________________________________________________________________________________________________________________________
Body data for body number :  4 with the name :hub1
Body initial position:                  0.00000E+00 -7.07298E+00 -1.18999E+02
Body initial velocity:                  1.80411E-16  0.00000E+00  0.00000E+00
Body initial rotation velocity vector:  9.24446E-33  1.99810E-01 -8.72388E-03
Body mass     [kg]   :                  2.80000E+00
Body inertia  [kg m^2]:                 Ixx          Iyy          Izz          Ixy          Ixz          Iyz
                                        1.36173E+01  1.36173E+01  1.26000E+01  0.00000E+00  0.00000E+00  0.00000E+00
Body Center of gravity (Gl) [m]:        COG_x        COG_y        COG_z
                                       -1.71287E-16 -6.10671E-02  1.39867E+00
Body Center of gravity (Body) [m]:      COG_x        COG_y        COG_z
                                        0.00000E+00  0.00000E+00  1.40000E+00
Body coo orientation (the A-matrix):
         xvec         yvec         zvec
 -1.00000E+00  5.34183E-18  1.22348E-16
  1.06735E-17  9.99048E-01  4.36194E-02
 -1.21999E-16  4.36194E-02 -9.99048E-01
________________________________________________________________________________________________________________________________________________________________________
Body data for body number :  5 with the name :hub2
Body initial position:                  0.00000E+00 -7.07298E+00 -1.18999E+02
Body initial velocity:                  1.80411E-16  0.00000E+00  0.00000E+00
Body initial rotation velocity vector:  6.24500E-17  1.99810E-01 -8.72388E-03
Body mass     [kg]   :                  2.80000E+00
Body inertia  [kg m^2]:                 Ixx          Iyy          Izz          Ixy          Ixz          Iyz
                                        1.36173E+01  1.36173E+01  1.26000E+01  0.00000E+00  0.00000E+00  0.00000E+00
Body Center of gravity (Gl) [m]:        COG_x        COG_y        COG_z
                                       -1.21128E+00  1.21786E-01 -6.91350E-01
Body Center of gravity (Body) [m]:      COG_x        COG_y        COG_z
                                        0.00000E+00  0.00000E+00  1.40000E+00
Body coo orientation (the A-matrix):
         xvec         yvec         zvec
  5.00000E-01  3.77755E-02  8.65201E-01
  7.54791E-02  9.93346E-01 -8.69898E-02
 -8.62730E-01  1.08799E-01  4.93822E-01
________________________________________________________________________________________________________________________________________________________________________
Body data for body number :  6 with the name :hub3
Body initial position:                  0.00000E+00 -7.07298E+00 -1.18999E+02
Body initial velocity:                  1.80411E-16  0.00000E+00  0.00000E+00
Body initial rotation velocity vector: -6.24500E-17  1.99810E-01 -8.72388E-03
Body mass     [kg]   :                  2.80000E+00
Body inertia  [kg m^2]:                 Ixx          Iyy          Izz          Ixy          Ixz          Iyz
                                        1.36173E+01  1.36173E+01  1.26000E+01  0.00000E+00  0.00000E+00  0.00000E+00
Body Center of gravity (Gl) [m]:        COG_x        COG_y        COG_z
                                        1.21128E+00  1.21786E-01 -6.91350E-01
Body Center of gravity (Body) [m]:      COG_x        COG_y        COG_z
                                        0.00000E+00  0.00000E+00  1.40000E+00
Body coo orientation (the A-matrix):
         xvec         yvec         zvec
  5.00000E-01 -3.77755E-02 -8.65201E-01
 -7.54791E-02  9.93346E-01 -8.69898E-02
  8.62730E-01  1.08799E-01  4.93822E-01
________________________________________________________________________________________________________________________________________________________________________
Body data for body number :  7 with the name :blade1_1
Body initial position:                 -6.29187E-03 -6.94963E+00 -1.21796E+02
Body initial velocity:                 -5.59477E-01 -1.09675E-04  1.25359E-03
Body initial rotation velocity vector:  9.62965E-33  1.99810E-01 -8.72388E-03
Body mass     [kg]   :                  9.48640E+03
Body inertia  [kg m^2]:                 Ixx          Iyy          Izz          Ixy          Ixz          Iyz
                                        1.74773E+05  1.73122E+05  7.33196E+04  7.95014E+02 -3.99315E+02 -4.52978E+02
Body Center of gravity (Gl) [m]:        COG_x        COG_y        COG_z
                                       -1.19008E-02 -1.28518E-01  3.29041E+00
Body Center of gravity (Body) [m]:      COG_x        COG_y        COG_z
                                       -1.19008E-02 -1.51301E-02  3.29288E+00
Body coo orientation (the A-matrix):
         xvec         yvec         zvec
 -1.00000E+00  5.34183E-18  1.22348E-16
  1.06735E-17  9.99048E-01  4.36194E-02
 -1.21999E-16  4.36194E-02 -9.99048E-01
________________________________________________________________________________________________________________________________________________________________________
Body data for body number :  8 with the name :blade1_2
Body initial position:                  1.09294E-02 -6.69104E+00 -1.28390E+02
Body initial velocity:                 -1.87777E+00  1.90511E-04 -2.17755E-03
Body initial rotation velocity vector:  1.04000E-32  1.99810E-01 -8.72388E-03
Body mass     [kg]   :                  3.97681E+03
Body inertia  [kg m^2]:                 Ixx          Iyy          Izz          Ixy          Ixz          Iyz
                                        2.58226E+04  2.57694E+04  2.85109E+04 -8.41296E+01 -8.10660E+01  4.65289E+01
Body Center of gravity (Gl) [m]:        COG_x        COG_y        COG_z
                                       -1.40008E-02 -5.99930E-02  1.46930E+00
Body Center of gravity (Body) [m]:      COG_x        COG_y        COG_z
                                       -1.40008E-02 -4.15390E-03  1.47051E+00
Body coo orientation (the A-matrix):
         xvec         yvec         zvec
 -1.00000E+00  5.34183E-18  1.22348E-16
  1.06735E-17  9.99048E-01  4.36194E-02
 -1.21999E-16  4.36194E-02 -9.99048E-01
________________________________________________________________________________________________________________________________________________________________________
Body data for body number :  9 with the name :blade1_3
Body initial position:                  1.47854E-02 -6.57693E+00 -1.31359E+02
Body initial velocity:                 -2.47135E+00  2.57727E-04 -2.94584E-03
Body initial rotation velocity vector:  1.04000E-32  1.99810E-01 -8.72388E-03
Body mass     [kg]   :                  4.60169E+03
Body inertia  [kg m^2]:                 Ixx          Iyy          Izz          Ixy          Ixz          Iyz
                                        3.71496E+04  3.60486E+04  2.85973E+04 -1.22003E+03 -2.18516E+02  1.94133E+02
Body Center of gravity (Gl) [m]:        COG_x        COG_y        COG_z
                                       -2.51803E-02 -9.23220E-02  1.89528E+00
Body Center of gravity (Body) [m]:      COG_x        COG_y        COG_z
                                       -2.51803E-02  9.56329E-03  1.89750E+00
Body coo orientation (the A-matrix):
         xvec         yvec         zvec
 -1.00000E+00  5.34183E-18  1.22348E-16
  1.06735E-17  9.99048E-01  4.36194E-02
 -1.21999E-16  4.36194E-02 -9.99048E-01
________________________________________________________________________________________________________________________________________________________________________
Body data for body number : 10 with the name :blade1_4
Body initial position:                  3.70767E-02 -6.44751E+00 -1.35223E+02
Body initial velocity:                 -3.24343E+00  6.46289E-04 -7.38712E-03
Body initial rotation velocity vector:  1.07852E-32  1.99810E-01 -8.72388E-03
Body mass     [kg]   :                  3.29788E+03
Body inertia  [kg m^2]:                 Ixx          Iyy          Izz          Ixy          Ixz          Iyz
                                        1.84853E+04  1.94395E+04  1.70912E+04 -1.78785E+03 -2.30343E+02  2.02940E+02
Body Center of gravity (Gl) [m]:        COG_x        COG_y        COG_z
                                       -4.82525E-02 -1.13645E-01  1.53151E+00
Body Center of gravity (Body) [m]:      COG_x        COG_y        COG_z
                                       -4.82525E-02  4.67327E-02  1.53501E+00
Body coo orientation (the A-matrix):
         xvec         yvec         zvec
 -1.00000E+00  5.34183E-18  1.22348E-16
  1.06735E-17  9.99048E-01  4.36194E-02
 -1.21999E-16  4.36194E-02 -9.99048E-01
________________________________________________________________________________________________________________________________________________________________________
Body data for body number : 11 with the name :blade1_5
Body initial position:                  4.45539E-02 -6.29380E+00 -1.38315E+02
Body initial velocity:                 -3.86221E+00  7.76625E-04 -8.87687E-03
Body initial rotation velocity vector:  1.15556E-32  1.99810E-01 -8.72388E-03
Body mass     [kg]   :                  9.30937E+03
Body inertia  [kg m^2]:                 Ixx          Iyy          Izz          Ixy          Ixz          Iyz
                                        3.34722E+05  3.49016E+05  3.98473E+04 -4.39400E+03 -7.66085E+03  1.10801E+03
Body Center of gravity (Gl) [m]:        COG_x        COG_y        COG_z
                                       -1.43093E-01 -2.50276E-01  5.02555E+00
Body Center of gravity (Body) [m]:      COG_x        COG_y        COG_z
                                       -1.43093E-01  3.08266E-02  5.03168E+00
Body coo orientation (the A-matrix):
         xvec         yvec         zvec
 -1.00000E+00  5.34183E-18  1.22348E-16
  1.06735E-17  9.99048E-01  4.36194E-02
 -1.21999E-16  4.36194E-02 -9.99048E-01
________________________________________________________________________________________________________________________________________________________________________
Body data for body number : 12 with the name :blade1_6
Body initial position:                  2.88539E-02 -5.88259E+00 -1.48868E+02
Body initial velocity:                 -5.97185E+00  5.02956E-04 -5.74881E-03
Body initial rotation velocity vector:  1.23260E-32  1.99810E-01 -8.72388E-03
Body mass     [kg]   :                  7.24711E+03
Body inertia  [kg m^2]:                 Ixx          Iyy          Izz          Ixy          Ixz          Iyz
                                        2.63645E+05  2.78136E+05  2.49156E+04 -1.53023E+03 -8.32906E+03 -3.68158E+03
Body Center of gravity (Gl) [m]:        COG_x        COG_y        COG_z
                                       -2.20243E-01 -1.59619E-01  5.13760E+00
Body Center of gravity (Body) [m]:      COG_x        COG_y        COG_z
                                       -2.20243E-01 -6.46317E-02  5.13967E+00
Body coo orientation (the A-matrix):
         xvec         yvec         zvec
 -1.00000E+00  5.34183E-18  1.22348E-16
  1.06735E-17  9.99048E-01  4.36194E-02
 -1.21999E-16  4.36194E-02 -9.99048E-01
________________________________________________________________________________________________________________________________________________________________________
Body data for body number : 13 with the name :blade1_7
Body initial position:                  3.71319E-02 -5.62525E+00 -1.59404E+02
Body initial velocity:                 -8.07561E+00  6.47252E-04 -7.39813E-03
Body initial rotation velocity vector:  1.27111E-32  1.99810E-01 -8.72388E-03
Body mass     [kg]   :                  1.05275E+04
Body inertia  [kg m^2]:                 Ixx          Iyy          Izz          Ixy          Ixz          Iyz
                                        1.34584E+06  1.35932E+06  2.30834E+04 -1.87827E+02 -1.34620E+04 -4.00706E+04
Body Center of gravity (Gl) [m]:        COG_x        COG_y        COG_z
                                       -1.50558E-01 -1.45678E-01  9.60861E+00
Body Center of gravity (Body) [m]:      COG_x        COG_y        COG_z
                                       -1.50558E-01 -2.73582E-01  9.60582E+00
Body coo orientation (the A-matrix):
         xvec         yvec         zvec
 -1.00000E+00  5.34183E-18  1.22348E-16
  1.06735E-17  9.99048E-01  4.36194E-02
 -1.21999E-16  4.36194E-02 -9.99048E-01
________________________________________________________________________________________________________________________________________________________________________
Body data for body number : 14 with the name :blade1_8
Body initial position:                 -1.62935E-02 -5.41354E+00 -1.80095E+02
Body initial velocity:                 -1.22017E+01 -2.84014E-04  3.24630E-03
Body initial rotation velocity vector:  1.34815E-32  1.99810E-01 -8.72388E-03
Body mass     [kg]   :                  5.68366E+03
Body inertia  [kg m^2]:                 Ixx          Iyy          Izz          Ixy          Ixz          Iyz
                                        6.88539E+05  6.89912E+05  7.24818E+03  4.07411E+02 -6.02119E+03 -3.85006E+04
Body Center of gravity (Gl) [m]:        COG_x        COG_y        COG_z
                                       -1.18710E-01  1.03115E-01  9.23906E+00
Body Center of gravity (Body) [m]:      COG_x        COG_y        COG_z
                                       -1.18710E-01 -5.06019E-01  9.22577E+00
Body coo orientation (the A-matrix):
         xvec         yvec         zvec
 -1.00000E+00  5.34183E-18  1.22348E-16
  1.06735E-17  9.99048E-01  4.36194E-02
 -1.21999E-16  4.36194E-02 -9.99048E-01
________________________________________________________________________________________________________________________________________________________________________
Body data for body number : 15 with the name :blade1_9
Body initial position:                  1.90089E-02 -5.75856E+00 -2.01256E+02
Body initial velocity:                 -1.64117E+01  3.31348E-04 -3.78732E-03
Body initial rotation velocity vector:  1.46371E-32  1.99810E-01 -8.72388E-03
Body mass     [kg]   :                  1.17895E+03
Body inertia  [kg m^2]:                 Ixx          Iyy          Izz          Ixy          Ixz          Iyz
                                        3.85767E+04  3.86816E+04  7.63613E+02  7.26796E+01 -6.66396E+02 -3.15645E+03
Body Center of gravity (Gl) [m]:        COG_x        COG_y        COG_z
                                       -1.04750E-01  1.89139E-01  4.89428E+00
Body Center of gravity (Body) [m]:      COG_x        COG_y        COG_z
                                       -1.04750E-01 -4.02444E-01  4.88137E+00
Body coo orientation (the A-matrix):
         xvec         yvec         zvec
 -1.00000E+00  5.34183E-18  1.22348E-16
  1.06735E-17  9.99048E-01  4.36194E-02
 -1.21999E-16  4.36194E-02 -9.99048E-01
________________________________________________________________________________________________________________________________________________________________________
Body data for body number : 16 with the name :blade1_10
Body initial position:                  1.06228E-01 -6.19873E+00 -2.12066E+02
Body initial velocity:                 -1.85578E+01  1.85167E-03 -2.11647E-02
Body initial rotation velocity vector:  1.54074E-32  1.99810E-01 -8.72388E-03
Body mass     [kg]   :                  1.92243E+02
Body inertia  [kg m^2]:                 Ixx          Iyy          Izz          Ixy          Ixz          Iyz
                                        1.11404E+03  1.14002E+03  5.59338E+01  3.89956E+00 -1.71070E+01 -1.07275E+02
Body Center of gravity (Gl) [m]:        COG_x        COG_y        COG_z
                                       -5.37733E-02  1.08006E-01  2.00151E+00
Body Center of gravity (Body) [m]:      COG_x        COG_y        COG_z
                                       -5.37733E-02 -1.95208E-01  1.99490E+00
Body coo orientation (the A-matrix):
         xvec         yvec         zvec
 -1.00000E+00  5.34183E-18  1.22348E-16
  1.06735E-17  9.99048E-01  4.36194E-02
 -1.21999E-16  4.36194E-02 -9.99048E-01
________________________________________________________________________________________________________________________________________________________________________
Body data for body number : 17 with the name :blade2_1
Body initial position:                  2.42575E+00 -7.31487E+00 -1.17621E+02
Body initial velocity:                  2.78649E-01  4.22837E-02 -4.83304E-01
Body initial rotation velocity vector:  6.24500E-17  1.99810E-01 -8.72388E-03
Body mass     [kg]   :                  9.48640E+03
Body inertia  [kg m^2]:                 Ixx          Iyy          Izz          Ixy          Ixz          Iyz
                                        1.74773E+05  1.73122E+05  7.33196E+04  7.95014E+02 -3.99315E+02 -4.52978E+02
Body Center of gravity (Gl) [m]:        COG_x        COG_y        COG_z
                                       -2.84248E+00  3.02375E-01 -1.63472E+00
Body Center of gravity (Body) [m]:      COG_x        COG_y        COG_z
                                       -1.19008E-02 -1.51301E-02  3.29288E+00
Body coo orientation (the A-matrix):
         xvec         yvec         zvec
  5.00000E-01  3.77755E-02  8.65201E-01
  7.54791E-02  9.93346E-01 -8.69898E-02
 -8.62730E-01  1.08799E-01  4.93822E-01
________________________________________________________________________________________________________________________________________________________________________
Body data for body number : 18 with the name :blade2_2
Body initial position:                  8.12552E+00 -7.91930E+00 -1.14351E+02
Body initial velocity:                  9.40778E-01  1.41637E-01 -1.61892E+00
Body initial rotation velocity vector:  6.24500E-17  1.99810E-01 -8.72388E-03
Body mass     [kg]   :                  3.97681E+03
Body inertia  [kg m^2]:                 Ixx          Iyy          Izz          Ixy          Ixz          Iyz
                                        2.58226E+04  2.57694E+04  2.85109E+04 -8.41296E+01 -8.10660E+01  4.65289E+01
Body Center of gravity (Gl) [m]:        COG_x        COG_y        COG_z
                                       -1.26513E+00  1.33103E-01 -7.37799E-01
Body Center of gravity (Body) [m]:      COG_x        COG_y        COG_z
                                       -1.40008E-02 -4.15390E-03  1.47051E+00
Body coo orientation (the A-matrix):
         xvec         yvec         zvec
  5.00000E-01  3.77755E-02  8.65201E-01
  7.54791E-02  9.93346E-01 -8.69898E-02
 -8.62730E-01  1.08799E-01  4.93822E-01
________________________________________________________________________________________________________________________________________________________________________
Body data for body number : 19 with the name :blade2_3
Body initial position:                  1.06939E+01 -8.19349E+00 -1.12882E+02
Body initial velocity:                  1.23823E+00  1.86406E-01 -2.13063E+00
Body initial rotation velocity vector:  6.24500E-17  1.99810E-01 -8.72388E-03
Body mass     [kg]   :                  4.60169E+03
Body inertia  [kg m^2]:                 Ixx          Iyy          Izz          Ixy          Ixz          Iyz
                                        3.71496E+04  3.60486E+04  2.85973E+04 -1.22003E+03 -2.18516E+02  1.94133E+02
Body Center of gravity (Gl) [m]:        COG_x        COG_y        COG_z
                                       -1.62949E+00  1.57464E-01 -9.59791E-01
Body Center of gravity (Body) [m]:      COG_x        COG_y        COG_z
                                       -2.51803E-02  9.56329E-03  1.89750E+00
Body coo orientation (the A-matrix):
         xvec         yvec         zvec
  5.00000E-01  3.77755E-02  8.65201E-01
  7.54791E-02  9.93346E-01 -8.69898E-02
 -8.62730E-01  1.08799E-01  4.93822E-01
________________________________________________________________________________________________________________________________________________________________________
Body data for body number : 20 with the name :blade2_4
Body initial position:                  1.40259E+01 -8.57044E+00 -1.10958E+02
Body initial velocity:                  1.62814E+00  2.44488E-01 -2.79451E+00
Body initial rotation velocity vector:  6.59195E-17  1.99810E-01 -8.72388E-03
Body mass     [kg]   :                  3.29788E+03
Body inertia  [kg m^2]:                 Ixx          Iyy          Izz          Ixy          Ixz          Iyz
                                        1.84853E+04  1.94395E+04  1.70912E+04 -1.78785E+03 -2.30343E+02  2.02940E+02
Body Center of gravity (Gl) [m]:        COG_x        COG_y        COG_z
                                       -1.30573E+00  9.07508E-02 -8.04736E-01
Body Center of gravity (Body) [m]:      COG_x        COG_y        COG_z
                                       -4.82525E-02  4.67327E-02  1.53501E+00
Body coo orientation (the A-matrix):
         xvec         yvec         zvec
  5.00000E-01  3.77755E-02  8.65201E-01
  7.54791E-02  9.93346E-01 -8.69898E-02
 -8.62730E-01  1.08799E-01  4.93822E-01
________________________________________________________________________________________________________________________________________________________________________
Body data for body number : 21 with the name :blade2_5
Body initial position:                  1.67016E+01 -8.82177E+00 -1.09421E+02
Body initial velocity:                  1.93882E+00  2.91128E-01 -3.32761E+00
Body initial rotation velocity vector:  6.59195E-17  1.99810E-01 -8.72388E-03
Body mass     [kg]   :                  9.30937E+03
Body inertia  [kg m^2]:                 Ixx          Iyy          Izz          Ixy          Ixz          Iyz
                                        3.34722E+05  3.49016E+05  3.98473E+04 -4.39400E+03 -7.66085E+03  1.10801E+03
Body Center of gravity (Gl) [m]:        COG_x        COG_y        COG_z
                                       -4.28304E+00  4.17884E-01 -2.61156E+00
Body Center of gravity (Body) [m]:      COG_x        COG_y        COG_z
                                       -1.43093E-01  3.08266E-02  5.03168E+00
Body coo orientation (the A-matrix):
         xvec         yvec         zvec
  5.00000E-01  3.77755E-02  8.65201E-01
  7.54791E-02  9.93346E-01 -8.69898E-02
 -8.62730E-01  1.08799E-01  4.93822E-01
________________________________________________________________________________________________________________________________________________________________________
Body data for body number : 22 with the name :blade2_6
Body initial position:                  2.58444E+01 -9.78837E+00 -1.04225E+02
Body initial velocity:                  2.99092E+00  4.50498E-01 -5.14922E+00
Body initial rotation velocity vector:  6.41848E-17  1.99810E-01 -8.72388E-03
Body mass     [kg]   :                  7.24711E+03
Body inertia  [kg m^2]:                 Ixx          Iyy          Izz          Ixy          Ixz          Iyz
                                        2.63645E+05  2.78136E+05  2.49156E+04 -1.53023E+03 -8.32906E+03 -3.68158E+03
Body Center of gravity (Gl) [m]:        COG_x        COG_y        COG_z
                                       -4.33429E+00  5.27924E-01 -2.72106E+00
Body Center of gravity (Body) [m]:      COG_x        COG_y        COG_z
                                       -2.20243E-01 -6.46317E-02  5.13967E+00
Body coo orientation (the A-matrix):
         xvec         yvec         zvec
  5.00000E-01  3.77755E-02  8.65201E-01
  7.54791E-02  9.93346E-01 -8.69898E-02
 -8.62730E-01  1.08799E-01  4.93822E-01
________________________________________________________________________________________________________________________________________________________________________
Body data for body number : 23 with the name :blade2_7
Body initial position:                  3.49498E+01 -1.09068E+01 -9.90358E+01
Body initial velocity:                  4.04424E+00  6.09216E-01 -6.96337E+00
Body initial rotation velocity vector:  6.59195E-17  1.99810E-01 -8.72388E-03
Body mass     [kg]   :                  1.05275E+04
Body inertia  [kg m^2]:                 Ixx          Iyy          Izz          Ixy          Ixz          Iyz
                                        1.34584E+06  1.35932E+06  2.30834E+04 -1.87827E+02 -1.34620E+04 -4.00706E+04
Body Center of gravity (Gl) [m]:        COG_x        COG_y        COG_z
                                       -8.22535E+00  1.11873E+00 -4.84369E+00
Body Center of gravity (Body) [m]:      COG_x        COG_y        COG_z
                                       -1.50558E-01 -2.73582E-01  9.60582E+00
Body coo orientation (the A-matrix):
         xvec         yvec         zvec
  5.00000E-01  3.77755E-02  8.65201E-01
  7.54791E-02  9.93346E-01 -8.69898E-02
 -8.62730E-01  1.08799E-01  4.93822E-01
________________________________________________________________________________________________________________________________________________________________________
Body data for body number : 24 with the name :blade2_8
Body initial position:                  5.28430E+01 -1.33882E+01 -8.89447E+01
Body initial velocity:                  6.09802E+00  9.21114E-01 -1.05284E+01
Body initial rotation velocity vector:  6.41848E-17  1.99810E-01 -8.72388E-03
Body mass     [kg]   :                  5.68366E+03
Body inertia  [kg m^2]:                 Ixx          Iyy          Izz          Ixy          Ixz          Iyz
                                        6.88539E+05  6.89912E+05  7.24818E+03  4.07411E+02 -6.02119E+03 -3.85006E+04
Body Center of gravity (Gl) [m]:        COG_x        COG_y        COG_z
                                       -7.90368E+00  1.31416E+00 -4.60324E+00
Body Center of gravity (Body) [m]:      COG_x        COG_y        COG_z
                                       -1.18710E-01 -5.06019E-01  9.22577E+00
Body coo orientation (the A-matrix):
         xvec         yvec         zvec
  5.00000E-01  3.77755E-02  8.65201E-01
  7.54791E-02  9.93346E-01 -8.69898E-02
 -8.62730E-01  1.08799E-01  4.93822E-01
________________________________________________________________________________________________________________________________________________________________________
Body data for body number : 25 with the name :blade2_9
Body initial position:                  7.10553E+01 -1.64878E+01 -7.86200E+01
Body initial velocity:                  8.20915E+00  1.23858E+00 -1.41570E+01
Body initial rotation velocity vector:  6.41848E-17  1.99810E-01 -8.72388E-03
Body mass     [kg]   :                  1.17895E+03
Body inertia  [kg m^2]:                 Ixx          Iyy          Izz          Ixy          Ixz          Iyz
                                        3.85767E+04  3.86816E+04  7.63613E+02  7.26796E+01 -6.66396E+02 -3.15645E+03
Body Center of gravity (Gl) [m]:        COG_x        COG_y        COG_z
                                       -4.15579E+00  8.32303E-01 -2.45711E+00
Body Center of gravity (Body) [m]:      COG_x        COG_y        COG_z
                                       -1.04750E-01 -4.02444E-01  4.88137E+00
Body coo orientation (the A-matrix):
         xvec         yvec         zvec
  5.00000E-01  3.77755E-02  8.65201E-01
  7.54791E-02  9.93346E-01 -8.69898E-02
 -8.62730E-01  1.08799E-01  4.93822E-01
________________________________________________________________________________________________________________________________________________________________________
Body data for body number : 26 with the name :blade2_10
Body initial position:                  8.03046E+01 -1.83374E+01 -7.33202E+01
Body initial velocity:                  9.29731E+00  1.39980E+00 -1.59998E+01
Body initial rotation velocity vector:  6.59195E-17  1.99810E-01 -8.72388E-03
Body mass     [kg]   :                  1.92243E+02
Body inertia  [kg m^2]:                 Ixx          Iyy          Izz          Ixy          Ixz          Iyz
                                        1.11404E+03  1.14002E+03  5.59338E+01  3.89956E+00 -1.71070E+01 -1.07275E+02
Body Center of gravity (Gl) [m]:        COG_x        COG_y        COG_z
                                       -1.69172E+00  3.71503E-01 -1.01028E+00
Body Center of gravity (Body) [m]:      COG_x        COG_y        COG_z
                                       -5.37733E-02 -1.95208E-01  1.99490E+00
Body coo orientation (the A-matrix):
         xvec         yvec         zvec
  5.00000E-01  3.77755E-02  8.65201E-01
  7.54791E-02  9.93346E-01 -8.69898E-02
 -8.62730E-01  1.08799E-01  4.93822E-01
________________________________________________________________________________________________________________________________________________________________________
Body data for body number : 27 with the name :blade3_1
Body initial position:                 -2.41946E+00 -7.31582E+00 -1.17611E+02
Body initial velocity:                  2.80828E-01 -4.21740E-02  4.82051E-01
Body initial rotation velocity vector: -6.24500E-17  1.99810E-01 -8.72388E-03
Body mass     [kg]   :                  9.48640E+03
Body inertia  [kg m^2]:                 Ixx          Iyy          Izz          Ixy          Ixz          Iyz
                                        1.74773E+05  1.73122E+05  7.33196E+04  7.95014E+02 -3.99315E+02 -4.52978E+02
Body Center of gravity (Gl) [m]:        COG_x        COG_y        COG_z
                                        2.85439E+00  3.00578E-01 -1.61418E+00
Body Center of gravity (Body) [m]:      COG_x        COG_y        COG_z
                                       -1.19008E-02 -1.51301E-02  3.29288E+00
Body coo orientation (the A-matrix):
         xvec         yvec         zvec
  5.00000E-01 -3.77755E-02 -8.65201E-01
 -7.54791E-02  9.93346E-01 -8.69898E-02
  8.62730E-01  1.08799E-01  4.93822E-01
________________________________________________________________________________________________________________________________________________________________________
Body data for body number : 28 with the name :blade3_2
Body initial position:                 -8.13645E+00 -7.91765E+00 -1.14370E+02
Body initial velocity:                  9.36992E-01 -1.41828E-01  1.62110E+00
Body initial rotation velocity vector: -6.24500E-17  1.99810E-01 -8.72388E-03
Body mass     [kg]   :                  3.97681E+03
Body inertia  [kg m^2]:                 Ixx          Iyy          Izz          Ixy          Ixz          Iyz
                                        2.58226E+04  2.57694E+04  2.85109E+04 -8.41296E+01 -8.10660E+01  4.65289E+01
Body Center of gravity (Gl) [m]:        COG_x        COG_y        COG_z
                                        1.27913E+00  1.30989E-01 -7.13641E-01
Body Center of gravity (Body) [m]:      COG_x        COG_y        COG_z
                                       -1.40008E-02 -4.15390E-03  1.47051E+00
Body coo orientation (the A-matrix):
         xvec         yvec         zvec
  5.00000E-01 -3.77755E-02 -8.65201E-01
 -7.54791E-02  9.93346E-01 -8.69898E-02
  8.62730E-01  1.08799E-01  4.93822E-01
________________________________________________________________________________________________________________________________________________________________________
Body data for body number : 29 with the name :blade3_3
Body initial position:                 -1.07086E+01 -8.19126E+00 -1.12908E+02
Body initial velocity:                  1.23311E+00 -1.86664E-01  2.13358E+00
Body initial rotation velocity vector: -6.24500E-17  1.99810E-01 -8.72388E-03
Body mass     [kg]   :                  4.60169E+03
Body inertia  [kg m^2]:                 Ixx          Iyy          Izz          Ixy          Ixz          Iyz
                                        3.71496E+04  3.60486E+04  2.85973E+04 -1.22003E+03 -2.18516E+02  1.94133E+02
Body Center of gravity (Gl) [m]:        COG_x        COG_y        COG_z
                                        1.65467E+00  1.53663E-01 -9.16343E-01
Body Center of gravity (Body) [m]:      COG_x        COG_y        COG_z
                                       -2.51803E-02  9.56329E-03  1.89750E+00
Body coo orientation (the A-matrix):
         xvec         yvec         zvec
  5.00000E-01 -3.77755E-02 -8.65201E-01
 -7.54791E-02  9.93346E-01 -8.69898E-02
  8.62730E-01  1.08799E-01  4.93822E-01
________________________________________________________________________________________________________________________________________________________________________
Body data for body number : 30 with the name :blade3_4
Body initial position:                 -1.40630E+01 -8.56484E+00 -1.11022E+02
Body initial velocity:                  1.61529E+00 -2.45134E-01  2.80189E+00
Body initial rotation velocity vector: -6.59195E-17  1.99810E-01 -8.72388E-03
Body mass     [kg]   :                  3.29788E+03
Body inertia  [kg m^2]:                 Ixx          Iyy          Izz          Ixy          Ixz          Iyz
                                        1.84853E+04  1.94395E+04  1.70912E+04 -1.78785E+03 -2.30343E+02  2.02940E+02
Body Center of gravity (Gl) [m]:        COG_x        COG_y        COG_z
                                        1.35399E+00  8.34667E-02 -7.21478E-01
Body Center of gravity (Body) [m]:      COG_x        COG_y        COG_z
                                       -4.82525E-02  4.67327E-02  1.53501E+00
Body coo orientation (the A-matrix):
         xvec         yvec         zvec
  5.00000E-01 -3.77755E-02 -8.65201E-01
 -7.54791E-02  9.93346E-01 -8.69898E-02
  8.62730E-01  1.08799E-01  4.93822E-01
________________________________________________________________________________________________________________________________________________________________________
Body data for body number : 31 with the name :blade3_5
Body initial position:                 -1.67461E+01 -8.81504E+00 -1.09498E+02
Body initial velocity:                  1.92339E+00 -2.91904E-01  3.33648E+00
Body initial rotation velocity vector: -6.59195E-17  1.99810E-01 -8.72388E-03
Body mass     [kg]   :                  9.30937E+03
Body inertia  [kg m^2]:                 Ixx          Iyy          Izz          Ixy          Ixz          Iyz
                                        3.34722E+05  3.49016E+05  3.98473E+04 -4.39400E+03 -7.66085E+03  1.10801E+03
Body Center of gravity (Gl) [m]:        COG_x        COG_y        COG_z
                                        4.42613E+00  3.96283E-01 -2.36466E+00
Body Center of gravity (Body) [m]:      COG_x        COG_y        COG_z
                                       -1.43093E-01  3.08266E-02  5.03168E+00
Body coo orientation (the A-matrix):
         xvec         yvec         zvec
  5.00000E-01 -3.77755E-02 -8.65201E-01
 -7.54791E-02  9.93346E-01 -8.69898E-02
  8.62730E-01  1.08799E-01  4.93822E-01
________________________________________________________________________________________________________________________________________________________________________
Body data for body number : 32 with the name :blade3_6
Body initial position:                 -2.58733E+01 -9.78402E+00 -1.04274E+02
Body initial velocity:                  2.98093E+00 -4.51001E-01  5.15497E+00
Body initial rotation velocity vector: -6.41848E-17  1.99810E-01 -8.72388E-03
Body mass     [kg]   :                  7.24711E+03
Body inertia  [kg m^2]:                 Ixx          Iyy          Izz          Ixy          Ixz          Iyz
                                        2.63645E+05  2.78136E+05  2.49156E+04 -1.53023E+03 -8.32906E+03 -3.68158E+03
Body Center of gravity (Gl) [m]:        COG_x        COG_y        COG_z
                                        4.55453E+00  4.94677E-01 -2.34104E+00
Body Center of gravity (Body) [m]:      COG_x        COG_y        COG_z
                                       -2.20243E-01 -6.46317E-02  5.13967E+00
Body coo orientation (the A-matrix):
         xvec         yvec         zvec
  5.00000E-01 -3.77755E-02 -8.65201E-01
