Version ID : 12.8.0
________________________________________________________________________________________________________________________________________________________________________
Beam element data in used bodies
________________________________________________________________________________________________________________________________________________________________________
Time : 10:20:36
Date : 11:11.2021
________________________________________________________________________________________________________________________________________________________________________
________________________________________________________________________________________________________________________________________________________________________
Beam data for body number :  1 with the name :tower
Element positions in body coordinates:
 nr_l   ID            L         r1_x         r1_y         r1_z        r12_x        r12_y        r12_z
    -    -            m            m            m            m            m            m            m
    1    1  1.15000E+01  0.00000E+00  0.00000E+00  0.00000E+00  0.00000E+00  0.00000E+00 -1.15000E+01
    2    2  1.15000E+01  0.00000E+00  0.00000E+00 -1.15000E+01  0.00000E+00  0.00000E+00 -1.15000E+01
    3    3  1.15000E+01  0.00000E+00  0.00000E+00 -2.30000E+01  0.00000E+00  0.00000E+00 -1.15000E+01
    4    4  1.15000E+01  0.00000E+00  0.00000E+00 -3.45000E+01  0.00000E+00  0.00000E+00 -1.15000E+01
    5    5  1.15000E+01  0.00000E+00  0.00000E+00 -4.60000E+01  0.00000E+00  0.00000E+00 -1.15000E+01
    6    6  1.15000E+01  0.00000E+00  0.00000E+00 -5.75000E+01  0.00000E+00  0.00000E+00 -1.15000E+01
    7    7  1.15000E+01  0.00000E+00  0.00000E+00 -6.90000E+01  0.00000E+00  0.00000E+00 -1.15000E+01
    8    8  1.15000E+01  0.00000E+00  0.00000E+00 -8.05000E+01  0.00000E+00  0.00000E+00 -1.15000E+01
    9    9  1.15000E+01  0.00000E+00  0.00000E+00 -9.20000E+01  0.00000E+00  0.00000E+00 -1.15000E+01
   10   10  1.21300E+01  0.00000E+00  0.00000E+00 -1.03500E+02  0.00000E+00  0.00000E+00 -1.21300E+01
Element orientation in body coordinates
 nr_l   ID               Local x-vec                            Local y-vec                            Local z-vec
    -    -          x_B          y_B          z_B          x_B          y_B          z_B          x_B          y_B          z_B
    1    1 -1.00000E+00  0.00000E+00  0.00000E+00  0.00000E+00  1.00000E+00  0.00000E+00  0.00000E+00  0.00000E+00 -1.00000E+00
    2    2 -1.00000E+00  0.00000E+00  0.00000E+00  0.00000E+00  1.00000E+00  0.00000E+00  0.00000E+00  0.00000E+00 -1.00000E+00
    3    3 -1.00000E+00  0.00000E+00  0.00000E+00  0.00000E+00  1.00000E+00  0.00000E+00  0.00000E+00  0.00000E+00 -1.00000E+00
    4    4 -1.00000E+00  0.00000E+00  0.00000E+00  0.00000E+00  1.00000E+00  0.00000E+00  0.00000E+00  0.00000E+00 -1.00000E+00
    5    5 -1.00000E+00  0.00000E+00  0.00000E+00  0.00000E+00  1.00000E+00  0.00000E+00  0.00000E+00  0.00000E+00 -1.00000E+00
    6    6 -1.00000E+00  0.00000E+00  0.00000E+00  0.00000E+00  1.00000E+00  0.00000E+00  0.00000E+00  0.00000E+00 -1.00000E+00
    7    7 -1.00000E+00  0.00000E+00  0.00000E+00  0.00000E+00  1.00000E+00  0.00000E+00  0.00000E+00  0.00000E+00 -1.00000E+00
    8    8 -1.00000E+00  0.00000E+00  0.00000E+00  0.00000E+00  1.00000E+00  0.00000E+00  0.00000E+00  0.00000E+00 -1.00000E+00
    9    9 -1.00000E+00  0.00000E+00  0.00000E+00  0.00000E+00  1.00000E+00  0.00000E+00  0.00000E+00  0.00000E+00 -1.00000E+00
   10   10 -1.00000E+00  0.00000E+00  0.00000E+00  0.00000E+00  1.00000E+00  0.00000E+00  0.00000E+00  0.00000E+00 -1.00000E+00
Element orientation in global coordinates
 nr_l   ID               Local x-vec                            Local y-vec                            Local z-vec
    -    -          x_G          y_G          z_G          x_G          y_G          z_G          x_G          y_G          z_G
    1    1 -1.00000E+00  0.00000E+00  0.00000E+00  0.00000E+00  1.00000E+00  0.00000E+00  0.00000E+00  0.00000E+00 -1.00000E+00
    2    2 -1.00000E+00  0.00000E+00  0.00000E+00  0.00000E+00  1.00000E+00  0.00000E+00  0.00000E+00  0.00000E+00 -1.00000E+00
    3    3 -1.00000E+00  0.00000E+00  0.00000E+00  0.00000E+00  1.00000E+00  0.00000E+00  0.00000E+00  0.00000E+00 -1.00000E+00
    4    4 -1.00000E+00  0.00000E+00  0.00000E+00  0.00000E+00  1.00000E+00  0.00000E+00  0.00000E+00  0.00000E+00 -1.00000E+00
    5    5 -1.00000E+00  0.00000E+00  0.00000E+00  0.00000E+00  1.00000E+00  0.00000E+00  0.00000E+00  0.00000E+00 -1.00000E+00
    6    6 -1.00000E+00  0.00000E+00  0.00000E+00  0.00000E+00  1.00000E+00  0.00000E+00  0.00000E+00  0.00000E+00 -1.00000E+00
    7    7 -1.00000E+00  0.00000E+00  0.00000E+00  0.00000E+00  1.00000E+00  0.00000E+00  0.00000E+00  0.00000E+00 -1.00000E+00
    8    8 -1.00000E+00  0.00000E+00  0.00000E+00  0.00000E+00  1.00000E+00  0.00000E+00  0.00000E+00  0.00000E+00 -1.00000E+00
    9    9 -1.00000E+00  0.00000E+00  0.00000E+00  0.00000E+00  1.00000E+00  0.00000E+00  0.00000E+00  0.00000E+00 -1.00000E+00
   10   10 -1.00000E+00  0.00000E+00  0.00000E+00  0.00000E+00  1.00000E+00  0.00000E+00  0.00000E+00  0.00000E+00 -1.00000E+00
 nr_l   ID            M         x_cg         y_cg         ri_x         ri_y          XSC          YSC         EMOD         GMOD           IX           IY           IZ           KX           KY         AREA       STRC_P
    -    -         kg/m            m            m            m            m            m            m        N/m^2        N/m^2          m^4          m^4          m^4            -            -          m^2          deg
    1    1  8.19537E+03  0.00000E+00  0.00000E+00  2.87185E+00  2.87185E+00  0.00000E+00  0.00000E+00  2.10000E+11  8.07690E+10  8.00470E+00  8.00470E+00  1.60095E+01  5.00000E-01  5.00000E-01  9.69700E-01  0.00000E+00
    2    2  7.52799E+03  0.00000E+00  0.00000E+00  2.77410E+00  2.77410E+00  0.00000E+00  0.00000E+00  2.10000E+11  8.07690E+10  6.83558E+00  6.83558E+00  1.36711E+01  5.00000E-01  5.00000E-01  8.87396E-01  0.00000E+00
    3    3  6.86438E+03  0.00000E+00  0.00000E+00  2.67635E+00  2.67635E+00  0.00000E+00  0.00000E+00  2.10000E+11  8.07690E+10  5.79753E+00  5.79753E+00  1.15951E+01  5.00000E-01  5.00000E-01  8.08561E-01  0.00000E+00
    4    4  6.22660E+03  0.00000E+00  0.00000E+00  2.57860E+00  2.57860E+00  0.00000E+00  0.00000E+00  2.10000E+11  8.07690E+10  4.88057E+00  4.88057E+00  9.76140E+00  5.00000E-01  5.00000E-01  7.33206E-01  0.00000E+00
    5    5  5.61713E+03  0.00000E+00  0.00000E+00  2.48085E+00  2.48085E+00  0.00000E+00  0.00000E+00  2.10000E+11  8.07690E+10  4.07502E+00  4.07502E+00  8.15004E+00  5.00000E-01  5.00000E-01  6.61321E-01  0.00000E+00
    6    6  5.03665E+03  0.00000E+00  0.00000E+00  2.38310E+00  2.38310E+00  0.00000E+00  0.00000E+00  2.10000E+11  8.07690E+10  3.37162E+00  3.37162E+00  6.74319E+00  5.00000E-01  5.00000E-01  5.92916E-01  0.00000E+00
    7    7  4.48538E+03  0.00000E+00  0.00000E+00  2.28535E+00  2.28535E+00  0.00000E+00  0.00000E+00  2.10000E+11  8.07690E+10  2.76142E+00  2.76142E+00  5.52283E+00  5.00000E-01  5.00000E-01  5.27981E-01  0.00000E+00
    8    8  3.96347E+03  0.00000E+00  0.00000E+00  2.18760E+00  2.18760E+00  0.00000E+00  0.00000E+00  2.10000E+11  8.07690E+10  2.23596E+00  2.23596E+00  4.47198E+00  5.00000E-01  5.00000E-01  4.66521E-01  0.00000E+00
    9    9  3.47095E+03  0.00000E+00  0.00000E+00  2.08985E+00  2.08985E+00  0.00000E+00  0.00000E+00  2.10000E+11  8.07690E+10  1.78721E+00  1.78721E+00  3.57452E+00  5.00000E-01  5.00000E-01  4.08536E-01  0.00000E+00
   10   10  3.00371E+03  0.00000E+00  0.00000E+00  1.98940E+00  1.98940E+00  0.00000E+00  0.00000E+00  2.10000E+11  8.07690E+10  1.40211E+00  1.40211E+00  2.80422E+00  5.00000E-01  5.00000E-01  3.53546E-01  0.00000E+00
________________________________________________________________________________________________________________________________________________________________________
Beam data for body number :  2 with the name :towertop
Element positions in body coordinates:
 nr_l   ID            L         r1_x         r1_y         r1_z        r12_x        r12_y        r12_z
    -    -            m            m            m            m            m            m            m
    1   11  2.75000E+00  0.00000E+00  0.00000E+00  0.00000E+00  0.00000E+00  0.00000E+00 -2.75000E+00
Element orientation in body coordinates
 nr_l   ID               Local x-vec                            Local y-vec                            Local z-vec
    -    -          x_B          y_B          z_B          x_B          y_B          z_B          x_B          y_B          z_B
    1   11 -1.00000E+00  0.00000E+00  0.00000E+00  0.00000E+00  1.00000E+00  0.00000E+00  0.00000E+00  0.00000E+00 -1.00000E+00
Element orientation in global coordinates
 nr_l   ID               Local x-vec                            Local y-vec                            Local z-vec
    -    -          x_G          y_G          z_G          x_G          y_G          z_G          x_G          y_G          z_G
    1   11 -1.00000E+00  0.00000E+00  0.00000E+00  0.00000E+00  1.00000E+00  0.00000E+00  0.00000E+00  0.00000E+00 -1.00000E+00
 nr_l   ID            M         x_cg         y_cg         ri_x         ri_y          XSC          YSC         EMOD         GMOD           IX           IY           IZ           KX           KY         AREA       STRC_P
    -    -         kg/m            m            m            m            m            m            m        N/m^2        N/m^2          m^4          m^4          m^4            -            -          m^2          deg
    1   11  1.00000E-04  0.00000E+00  0.00000E+00  1.36000E+00  1.36000E+00  0.00000E+00  0.00000E+00  2.10000E+17  8.08000E+17  5.52000E-01  5.52000E-01  1.10000E+00  5.00000E-01  5.00000E-01  2.98000E-01  0.00000E+00
________________________________________________________________________________________________________________________________________________________________________
Beam data for body number :  3 with the name :shaft
Element positions in body coordinates:
 nr_l   ID            L         r1_x         r1_y         r1_z        r12_x        r12_y        r12_z
    -    -            m            m            m            m            m            m            m
    1   12  1.50000E+00  0.00000E+00  0.00000E+00  0.00000E+00  0.00000E+00  0.00000E+00  1.50000E+00
    2   13  1.50000E+00  0.00000E+00  0.00000E+00  1.50000E+00  0.00000E+00  0.00000E+00  1.50000E+00
    3   14  1.40000E+00  0.00000E+00  0.00000E+00  3.00000E+00  0.00000E+00  0.00000E+00  1.40000E+00
    4   15  2.70000E+00  0.00000E+00  0.00000E+00  4.40000E+00  0.00000E+00  0.00000E+00  2.70000E+00
Element orientation in body coordinates
 nr_l   ID               Local x-vec                            Local y-vec                            Local z-vec
    -    -          x_B          y_B          z_B          x_B          y_B          z_B          x_B          y_B          z_B
    1   12  1.00000E+00  0.00000E+00  0.00000E+00  0.00000E+00  1.00000E+00  0.00000E+00  0.00000E+00  0.00000E+00  1.00000E+00
    2   13  1.00000E+00  0.00000E+00  0.00000E+00  0.00000E+00  1.00000E+00  0.00000E+00  0.00000E+00  0.00000E+00  1.00000E+00
    3   14  1.00000E+00  0.00000E+00  0.00000E+00  0.00000E+00  1.00000E+00  0.00000E+00  0.00000E+00  0.00000E+00  1.00000E+00
    4   15  1.00000E+00  0.00000E+00  0.00000E+00  0.00000E+00  1.00000E+00  0.00000E+00  0.00000E+00  0.00000E+00  1.00000E+00
Element orientation in global coordinates
 nr_l   ID               Local x-vec                            Local y-vec                            Local z-vec
    -    -          x_G          y_G          z_G          x_G          y_G          z_G          x_G          y_G          z_G
    1   12  1.00000E+00  0.00000E+00  0.00000E+00  0.00000E+00 -8.71557E-02  9.96195E-01  0.00000E+00 -9.96195E-01 -8.71557E-02
    2   13  1.00000E+00  0.00000E+00  0.00000E+00  0.00000E+00 -8.71557E-02  9.96195E-01  0.00000E+00 -9.96195E-01 -8.71557E-02
    3   14  1.00000E+00  0.00000E+00  0.00000E+00  0.00000E+00 -8.71557E-02  9.96195E-01  0.00000E+00 -9.96195E-01 -8.71557E-02
    4   15  1.00000E+00  0.00000E+00  0.00000E+00  0.00000E+00 -8.71557E-02  9.96195E-01  0.00000E+00 -9.96195E-01 -8.71557E-02
 nr_l   ID            M         x_cg         y_cg         ri_x         ri_y          XSC          YSC         EMOD         GMOD           IX           IY           IZ           KX           KY         AREA       STRC_P
    -    -         kg/m            m            m            m            m            m            m        N/m^2        N/m^2          m^4          m^4          m^4            -            -          m^2          deg
    1   12  1.00000E+00  0.00000E+00  0.00000E+00  2.00000E-01  2.00000E-01  0.00000E+00  0.00000E+00  2.10000E+11  8.08000E+10  1.00000E+00  1.00000E+00  2.03600E-01  5.00000E-01  5.00000E-01  1.00000E+01  0.00000E+00
    2   13  1.00000E+00  0.00000E+00  0.00000E+00  2.00000E-01  2.00000E-01  0.00000E+00  0.00000E+00  2.10000E+11  8.08000E+10  1.00000E+00  1.00000E+00  2.03600E-01  5.00000E-01  5.00000E-01  1.00000E+01  0.00000E+00
    3   14  1.00000E+00  0.00000E+00  0.00000E+00  2.00000E-01  2.00000E-01  0.00000E+00  0.00000E+00  2.10000E+11  8.08000E+10  1.00000E+00  1.00000E+00  2.03600E-01  5.00000E-01  5.00000E-01  1.00000E+01  0.00000E+00
    4   15  1.00000E+00  0.00000E+00  0.00000E+00  2.00000E-01  2.00000E-01  0.00000E+00  0.00000E+00  2.10000E+11  8.08000E+10  1.00000E+00  1.00000E+00  2.03600E-01  5.00000E-01  5.00000E-01  1.00000E+01  0.00000E+00
________________________________________________________________________________________________________________________________________________________________________
Beam data for body number :  4 with the name :hub1
Element positions in body coordinates:
 nr_l   ID            L         r1_x         r1_y         r1_z        r12_x        r12_y        r12_z
    -    -            m            m            m            m            m            m            m
    1   16  2.80000E+00  0.00000E+00  0.00000E+00  0.00000E+00  0.00000E+00  0.00000E+00  2.80000E+00
Element orientation in body coordinates
 nr_l   ID               Local x-vec                            Local y-vec                            Local z-vec
    -    -          x_B          y_B          z_B          x_B          y_B          z_B          x_B          y_B          z_B
    1   16  1.00000E+00  0.00000E+00  0.00000E+00  0.00000E+00  1.00000E+00  0.00000E+00  0.00000E+00  0.00000E+00  1.00000E+00
Element orientation in global coordinates
 nr_l   ID               Local x-vec                            Local y-vec                            Local z-vec
    -    -          x_G          y_G          z_G          x_G          y_G          z_G          x_G          y_G          z_G
    1   16 -1.00000E+00  1.06735E-17 -1.21999E-16  5.34183E-18  9.99048E-01  4.36194E-02  1.22348E-16  4.36194E-02 -9.99048E-01
 nr_l   ID            M         x_cg         y_cg         ri_x         ri_y          XSC          YSC         EMOD         GMOD           IX           IY           IZ           KX           KY         AREA       STRC_P
    -    -         kg/m            m            m            m            m            m            m        N/m^2        N/m^2          m^4          m^4          m^4            -            -          m^2          deg
    1   16  1.00000E+00  0.00000E+00  0.00000E+00  1.50000E+00  1.50000E+00  0.00000E+00  0.00000E+00  2.10000E+16  8.08000E+15  5.52000E+00  5.52000E+00  1.10000E+00  5.00000E-01  5.00000E-01  2.98000E-01  0.00000E+00
________________________________________________________________________________________________________________________________________________________________________
Beam data for body number :  5 with the name :hub2
Element positions in body coordinates:
 nr_l   ID            L         r1_x         r1_y         r1_z        r12_x        r12_y        r12_z
    -    -            m            m            m            m            m            m            m
    1   17  2.80000E+00  0.00000E+00  0.00000E+00  0.00000E+00  0.00000E+00  0.00000E+00  2.80000E+00
Element orientation in body coordinates
 nr_l   ID               Local x-vec                            Local y-vec                            Local z-vec
    -    -          x_B          y_B          z_B          x_B          y_B          z_B          x_B          y_B          z_B
    1   17  1.00000E+00  0.00000E+00  0.00000E+00  0.00000E+00  1.00000E+00  0.00000E+00  0.00000E+00  0.00000E+00  1.00000E+00
Element orientation in global coordinates
 nr_l   ID               Local x-vec                            Local y-vec                            Local z-vec
    -    -          x_G          y_G          z_G          x_G          y_G          z_G          x_G          y_G          z_G
    1   17  5.00000E-01  7.54791E-02 -8.62730E-01  3.77755E-02  9.93346E-01  1.08799E-01  8.65201E-01 -8.69898E-02  4.93822E-01
 nr_l   ID            M         x_cg         y_cg         ri_x         ri_y          XSC          YSC         EMOD         GMOD           IX           IY           IZ           KX           KY         AREA       STRC_P
    -    -         kg/m            m            m            m            m            m            m        N/m^2        N/m^2          m^4          m^4          m^4            -            -          m^2          deg
    1   17  1.00000E+00  0.00000E+00  0.00000E+00  1.50000E+00  1.50000E+00  0.00000E+00  0.00000E+00  2.10000E+16  8.08000E+15  5.52000E+00  5.52000E+00  1.10000E+00  5.00000E-01  5.00000E-01  2.98000E-01  0.00000E+00
________________________________________________________________________________________________________________________________________________________________________
Beam data for body number :  6 with the name :hub3
Element positions in body coordinates:
 nr_l   ID            L         r1_x         r1_y         r1_z        r12_x        r12_y        r12_z
    -    -            m            m            m            m            m            m            m
    1   18  2.80000E+00  0.00000E+00  0.00000E+00  0.00000E+00  0.00000E+00  0.00000E+00  2.80000E+00
Element orientation in body coordinates
 nr_l   ID               Local x-vec                            Local y-vec                            Local z-vec
    -    -          x_B          y_B          z_B          x_B          y_B          z_B          x_B          y_B          z_B
    1   18  1.00000E+00  0.00000E+00  0.00000E+00  0.00000E+00  1.00000E+00  0.00000E+00  0.00000E+00  0.00000E+00  1.00000E+00
Element orientation in global coordinates
 nr_l   ID               Local x-vec                            Local y-vec                            Local z-vec
    -    -          x_G          y_G          z_G          x_G          y_G          z_G          x_G          y_G          z_G
    1   18  5.00000E-01 -7.54791E-02  8.62730E-01 -3.77755E-02  9.93346E-01  1.08799E-01 -8.65201E-01 -8.69898E-02  4.93822E-01
 nr_l   ID            M         x_cg         y_cg         ri_x         ri_y          XSC          YSC         EMOD         GMOD           IX           IY           IZ           KX           KY         AREA       STRC_P
    -    -         kg/m            m            m            m            m            m            m        N/m^2        N/m^2          m^4          m^4          m^4            -            -          m^2          deg
    1   18  1.00000E+00  0.00000E+00  0.00000E+00  1.50000E+00  1.50000E+00  0.00000E+00  0.00000E+00  2.10000E+16  8.08000E+15  5.52000E+00  5.52000E+00  1.10000E+00  5.00000E-01  5.00000E-01  2.98000E-01  0.00000E+00
________________________________________________________________________________________________________________________________________________________________________
Beam data for body number :  7 with the name :blade1
Element positions in body coordinates:
 nr_l   ID            L         r1_x         r1_y         r1_z        r12_x        r12_y        r12_z
    -    -            m            m            m            m            m            m            m
    1   19  3.29955E+00 -5.72069E-03 -1.10134E-03  2.13042E-06 -1.44868E-03 -1.35062E-02  3.29953E+00
    2   20  3.29955E+00 -7.16937E-03 -1.46075E-02  3.29953E+00 -9.21618E-03 -1.45067E-02  3.29950E+00
    3   21  1.10007E+00 -1.63856E-02 -2.91142E-02  6.59903E+00  2.91221E-03 -9.46113E-03  1.10002E+00
    4   22  1.87129E+00 -1.34733E-02 -3.85753E-02  7.69905E+00 -1.10950E-02 -4.97721E-03  1.87125E+00
    5   23  1.87655E+00 -2.45683E-02 -4.35525E-02  9.57030E+00  9.95424E-04 -1.87357E-02  1.87645E+00
    6   24  1.98869E+00 -2.35729E-02 -6.22882E-02  1.14468E+01 -3.83903E-02 -1.54070E-02  1.98826E+00
    7   25  1.10567E+00 -6.19633E-02 -7.76952E-02  1.34350E+01 -1.01408E-02  2.29837E-03  1.10562E+00
    8   26  1.98959E+00 -7.21040E-02 -7.53968E-02  1.45406E+01 -1.39836E-02  1.54810E-02  1.98948E+00
    9   27  3.52927E+00 -8.60877E-02 -5.99159E-02  1.65301E+01 -4.69750E-02 -3.67499E-03  3.52896E+00
   10   28  3.51767E+00 -1.33063E-01 -6.35908E-02  2.00591E+01 -1.29639E-02 -1.15696E-02  3.51763E+00
   11   29  3.51493E+00 -1.46027E-01 -7.51604E-02  2.35767E+01  3.50855E-02 -3.86456E-02  3.51455E+00
   12   30  3.51293E+00 -1.10941E-01 -1.13806E-01  2.70912E+01 -5.87373E-02 -5.65284E-02  3.51199E+00
   13   31  3.51524E+00 -1.69678E-01 -1.70334E-01  3.06032E+01  1.54971E-02 -7.21242E-02  3.51446E+00
   14   32  3.51411E+00 -1.54181E-01 -2.42459E-01  3.41177E+01  2.98940E-02 -7.50846E-02  3.51318E+00
   15   33  6.59910E+00 -1.24287E-01 -3.17543E-01  3.76309E+01  1.83950E-02 -1.73054E-01  6.59680E+00
   16   34  7.04512E+00 -1.05892E-01 -4.90597E-01  4.42277E+01  3.07168E-02 -2.32629E-01  7.04121E+00
   17   35  7.04823E+00 -7.51755E-02 -7.23226E-01  5.12689E+01  2.09313E-02 -2.89427E-01  7.04226E+00
   18   36  7.05095E+00 -5.42442E-02 -1.01265E+00  5.83111E+01  7.44889E-03 -3.54275E-01  7.04204E+00
   19   37  7.05445E+00 -4.67953E-02 -1.36693E+00  6.53532E+01 -4.71795E-03 -4.20561E-01  7.04190E+00
   20   38  7.05832E+00 -5.15132E-02 -1.78749E+00  7.23951E+01 -1.17465E-02 -4.92354E-01  7.04112E+00
   21   39  7.50569E+00 -6.32597E-02 -2.27984E+00  7.94362E+01 -4.38894E-02 -6.10749E-01  7.48067E+00
   22   40  1.65611E+00 -1.07149E-01 -2.89059E+00  8.69169E+01 -7.52988E-03 -1.46957E-01  1.64956E+00
   23   41  1.65731E+00 -1.14679E-01 -3.03755E+00  8.85664E+01 -1.62534E-02 -1.52487E-01  1.65020E+00
   24   42  1.65778E+00 -1.30932E-01 -3.19004E+00  9.02166E+01 -2.09706E-02 -1.58581E-01  1.65005E+00
   25   43  1.65758E+00 -1.51903E-01 -3.34862E+00  9.18667E+01 -6.99139E-03 -1.63511E-01  1.64948E+00
   26   44  1.48077E+00 -1.58894E-01 -3.51213E+00  9.35162E+01  7.97998E-02 -1.46563E-01  1.47133E+00
Element orientation in body coordinates
 nr_l   ID               Local x-vec                            Local y-vec                            Local z-vec
    -    -          x_B          y_B          z_B          x_B          y_B          z_B          x_B          y_B          z_B
    1   19  9.27613E-01 -3.73540E-01 -1.12176E-03  3.73542E-01  9.27605E-01  3.96104E-03 -4.39055E-04 -4.09334E-03  9.99992E-01
    2   20  9.27610E-01 -3.73549E-01  9.48649E-04  3.73540E-01  9.27600E-01  5.12168E-03 -2.79317E-03 -4.39656E-03  9.99986E-01
    3   21  9.27610E-01 -3.73507E-01 -5.66824E-03  3.73540E-01  9.27588E-01  6.98913E-03  2.64730E-03 -8.60051E-03  9.99960E-01
    4   22  7.86240E-01 -6.17914E-01  3.01822E-03  6.17893E-01  7.86241E-01  5.75488E-03 -5.92907E-03 -2.65977E-03  9.99979E-01
    5   23  4.72328E-01 -8.81377E-01 -9.05079E-03  8.81423E-01  4.72309E-01  4.24825E-03  5.30455E-04 -9.98414E-03  9.99950E-01
    6   24  5.87121E-01 -8.09483E-01  5.06376E-03  8.09269E-01  5.87092E-01  2.01751E-02 -1.93043E-02 -7.74729E-03  9.99784E-01
    7   25  7.07848E-01 -7.06320E-01  7.96072E-03  7.06305E-01  7.07890E-01  5.00670E-03 -9.17164E-03  2.07872E-03  9.99956E-01
    8   26  8.27060E-01 -5.62021E-01  1.01865E-02  5.62069E-01  8.27087E-01 -2.48525E-03 -7.02840E-03  7.78099E-03  9.99945E-01
    9   27  9.26762E-01 -3.75459E-01  1.19454E-02  3.75413E-01  9.26838E-01  5.96243E-03 -1.33101E-02 -1.04129E-03  9.99911E-01
   10   28  9.66534E-01 -2.56523E-01  2.71837E-03  2.56511E-01  9.66532E-01  4.12430E-03 -3.68538E-03 -3.28898E-03  9.99988E-01
   11   29  9.82209E-01 -1.87415E-01 -1.18661E-02  1.87524E-01  9.82219E-01  8.92834E-03  9.98184E-03 -1.09947E-02  9.99890E-01
   12   30  9.90102E-01 -1.39616E-01  1.43120E-02  1.39348E-01  9.90075E-01  1.82667E-02 -1.67203E-02 -1.60915E-02  9.99731E-01
   13   31  9.94035E-01 -1.08861E-01 -6.61727E-03  1.08972E-01  9.93845E-01  1.99153E-02  4.40855E-03 -2.05176E-02  9.99780E-01
   14   32  9.96139E-01 -8.71765E-02 -1.03394E-02  8.73743E-02  9.95964E-01  2.05425E-02  8.50687E-03 -2.13666E-02  9.99736E-01
   15   33  9.98175E-01 -6.02374E-02 -4.36359E-03  6.03308E-02  9.97840E-01  2.60081E-02  2.78750E-03 -2.62239E-02  9.99652E-01
   16   34  9.99463E-01 -3.23071E-02 -5.42746E-03  3.24684E-02  9.98932E-01  3.28613E-02  4.36002E-03 -3.30199E-02  9.99445E-01
   17   35  9.99967E-01 -7.38637E-03 -3.27571E-03  7.51462E-03  9.99129E-01  4.10405E-02  2.96972E-03 -4.10638E-02  9.99152E-01
   18   36  9.99920E-01  1.26224E-02 -4.22673E-04 -1.25852E-02  9.98657E-01  5.02544E-02  1.05644E-03 -5.02450E-02  9.98736E-01
   19   37  9.99606E-01  2.79648E-02  2.33985E-03 -2.80546E-02  9.97830E-01  5.95742E-02 -6.68790E-04 -5.96164E-02  9.98221E-01
   20   38  9.99210E-01  3.94903E-02  4.42833E-03 -3.97029E-02  9.96782E-01  6.96343E-02 -1.66420E-03 -6.97551E-02  9.97563E-01
   21   39  9.98834E-01  4.72901E-02  9.72113E-03 -4.79235E-02  9.95561E-01  8.10000E-02 -5.84748E-03 -8.13714E-02  9.96667E-01
   22   40  9.98566E-01  5.27360E-02  9.25641E-03 -5.33488E-02  9.94658E-01  8.83692E-02 -4.54673E-03 -8.87363E-02  9.96045E-01
   23   41  9.98331E-01  5.57800E-02  1.49873E-02 -5.69196E-02  9.94195E-01  9.13081E-02 -9.80713E-03 -9.20088E-02  9.95710E-01
   24   42  9.98171E-01  5.76446E-02  1.82259E-02 -5.91191E-02  9.93744E-01  9.47542E-02 -1.26498E-02 -9.56584E-02  9.95334E-01
   25   43  9.98108E-01  6.06188E-02  1.02396E-02 -6.13327E-02  9.93275E-01  9.82023E-02 -4.21783E-03 -9.86445E-02  9.95114E-01
   26   44  9.96066E-01  7.54337E-02 -4.65089E-02 -7.03498E-02  9.92226E-01  1.02654E-01  5.38909E-02 -9.89777E-02  9.93629E-01
Element orientation in global coordinates
 nr_l   ID               Local x-vec                            Local y-vec                            Local z-vec
    -    -          x_G          y_G          z_G          x_G          y_G          z_G          x_G          y_G          z_G
    1   19 -9.27613E-01 -3.73233E-01 -1.51729E-02 -3.73542E-01  9.26895E-01  3.65043E-02  4.39055E-04  3.95296E-02 -9.99218E-01
    2   20 -9.27610E-01 -3.73152E-01 -1.72417E-02 -3.73540E-01  9.26940E-01  3.53445E-02  2.79317E-03  3.92264E-02 -9.99226E-01
    3   21 -9.27610E-01 -3.73398E-01 -1.06293E-02 -3.73540E-01  9.27010E-01  3.34783E-02 -2.64730E-03  3.50253E-02 -9.99383E-01
    4   22 -7.86240E-01 -6.17195E-01 -2.99684E-02 -6.17893E-01  7.85744E-01  2.85459E-02  5.92907E-03  4.09612E-02 -9.99143E-01
    5   23 -4.72328E-01 -8.80933E-01 -2.94029E-02 -8.81423E-01  4.72045E-01  1.63576E-02 -5.30455E-04  3.36426E-02 -9.99434E-01
    6   24 -5.87121E-01 -8.08492E-01 -4.03681E-02 -8.09269E-01  5.87413E-01  5.45268E-03  1.93043E-02  3.58700E-02 -9.99170E-01
    7   25 -7.07848E-01 -7.05300E-01 -3.87624E-02 -7.06305E-01  7.07434E-01  2.58758E-02  9.17164E-03  4.56942E-02 -9.98913E-01
    8   26 -8.27060E-01 -5.61041E-01 -3.46919E-02 -5.62069E-01  8.26191E-01  3.85599E-02  7.02840E-03  5.13906E-02 -9.98654E-01
    9   27 -9.26762E-01 -3.74581E-01 -2.83113E-02 -3.75413E-01  9.26216E-01  3.44714E-02  1.33101E-02  4.25752E-02 -9.99005E-01
   10   28 -9.66534E-01 -2.56161E-01 -1.39052E-02 -2.56511E-01  9.65792E-01  3.80392E-02  3.68538E-03  4.03330E-02 -9.99179E-01
   11   29 -9.82209E-01 -1.87754E-01  3.67993E-03 -1.87524E-01  9.81674E-01  3.39240E-02 -9.98184E-03  3.26304E-02 -9.99418E-01
   12   30 -9.90102E-01 -1.38859E-01 -2.03884E-02 -1.39348E-01  9.89929E-01  2.49372E-02  1.67203E-02  2.75314E-02 -9.99481E-01
   13   31 -9.94035E-01 -1.09046E-01  1.86254E-03 -1.08972E-01  9.93768E-01  2.34546E-02 -4.40855E-03  2.31117E-02 -9.99723E-01
   14   32 -9.96139E-01 -8.75445E-02  6.52700E-03 -8.73743E-02  9.95912E-01  2.29204E-02 -8.50687E-03  2.22616E-02 -9.99716E-01
   15   33 -9.98175E-01 -6.03704E-02  1.73192E-03 -6.03308E-02  9.98024E-01  1.75418E-02 -2.78750E-03  1.74053E-02 -9.99845E-01
   16   34 -9.99463E-01 -3.25131E-02  4.01308E-03 -3.24684E-02  9.99415E-01  1.07428E-02 -4.36002E-03  1.06067E-02 -9.99934E-01
   17   35 -9.99967E-01 -7.52222E-03  2.95041E-03 -7.51462E-03  9.99968E-01  2.57999E-03 -2.96972E-03  2.55773E-03 -9.99992E-01
   18   36 -9.99920E-01  1.25920E-02  9.72854E-04  1.25852E-02  9.99899E-01 -6.64571E-03 -1.05644E-03 -6.63293E-03 -9.99977E-01
   19   37 -9.99606E-01  2.80403E-02 -1.11782E-03  2.80546E-02  9.99478E-01 -1.59928E-02  6.68790E-04 -1.60179E-02 -9.99871E-01
   20   38 -9.99210E-01  3.96458E-02 -2.70157E-03  3.97029E-02  9.98871E-01 -2.60890E-02  1.66420E-03 -2.61756E-02 -9.99656E-01
   21   39 -9.98834E-01  4.76692E-02 -7.64911E-03  4.79235E-02  9.98147E-01 -3.74971E-02  5.84748E-03 -3.78200E-02 -9.99267E-01
   22   40 -9.98566E-01  5.30895E-02 -6.94729E-03  5.33488E-02  9.97566E-01 -4.48987E-02  4.54673E-03 -4.52049E-02 -9.98967E-01
   23   41 -9.98331E-01  5.63806E-02 -1.25399E-02  5.69196E-02  9.97231E-01 -4.78551E-02  9.80713E-03 -4.84889E-02 -9.98776E-01
   24   42 -9.98171E-01  5.83848E-02 -1.56941E-02  5.91191E-02  9.96931E-01 -5.13176E-02  1.26498E-02 -5.21515E-02 -9.98559E-01
   25   43 -9.98108E-01  6.10077E-02 -7.58569E-03  6.13327E-02  9.96613E-01 -5.47828E-02  4.21783E-03 -5.51444E-02 -9.98469E-01
   26   44 -9.96066E-01  7.33332E-02  4.97550E-02  7.03498E-02  9.95760E-01 -5.92755E-02 -5.38909E-02 -5.55420E-02 -9.97001E-01
 nr_l   ID            M         x_cg         y_cg         ri_x         ri_y          XSC          YSC         EMOD         GMOD           IX           IY           IZ           KX           KY         AREA       STRC_P
    -    -         kg/m            m            m            m            m            m            m        N/m^2        N/m^2          m^4          m^4          m^4            -            -          m^2          deg
    1   19  1.19315E+03  1.74843E-04 -4.37859E-04  1.82397E+00  1.76457E+00  2.62357E-03 -6.09806E-03  1.26199E+10  2.52295E+09  4.92488E+00  4.84022E+00  1.08828E+01  5.45961E-01  7.02425E-01  1.41411E+00 -2.19342E+01
    2   20  1.18360E+03 -3.60330E-03 -1.27339E-03  1.80593E+00  1.75376E+00  1.26978E-02  2.08816E-03  1.24075E+10  2.45292E+09  4.95478E+00  4.80159E+00  1.07755E+01  5.55496E-01  6.84171E-01  1.43877E+00 -2.19342E+01
    3   21  1.13685E+03 -9.34108E-03 -2.14863E-03  1.75903E+00  1.73219E+00  2.32215E-02  1.35228E-02  1.18012E+10  2.29823E+09  4.81460E+00  4.66817E+00  1.02367E+01  5.66540E-01  6.54086E-01  1.45639E+00 -2.19342E+01
    4   22  1.08846E+03 -1.74134E-02 -4.16953E-03  1.69178E+00  1.72098E+00  3.36730E-02  3.39734E-02  1.12628E+10  2.16385E+09  4.48784E+00  4.63966E+00  9.56982E+00  5.75945E-01  6.19535E-01  1.46647E+00 -3.81632E+01
    5   23  1.02124E+03 -2.77303E-02 -5.37179E-03  1.58163E+00  1.69995E+00  4.97989E-02  9.82298E-02  1.06691E+10  2.02047E+09  3.84920E+00  4.52663E+00  8.28775E+00  5.88571E-01  5.63286E-01  1.45805E+00 -6.18145E+01
    6   24  9.48813E+02 -4.18512E-02 -2.01220E-03  1.46558E+00  1.65339E+00  1.38046E-01  1.69789E-01  9.98839E+09  1.85969E+09  3.30250E+00  4.16956E+00  6.71680E+00  5.92853E-01  5.00558E-01  1.44816E+00 -5.40393E+01
    7   25  9.00828E+02 -4.94076E-02  2.19614E-03  1.35922E+00  1.62752E+00  2.57627E-01  2.12235E-01  9.62135E+09  1.77216E+09  2.84099E+00  3.85801E+00  5.42264E+00  5.92175E-01  4.50346E-01  1.42857E+00 -4.49375E+01
    8   26  8.69416E+02 -5.62086E-02  5.41061E-03  1.25290E+00  1.60972E+00  3.90842E-01  2.16642E-01  9.38931E+09  1.72440E+09  2.43694E+00  3.62047E+00  4.39244E+00  5.97538E-01  4.07417E-01  1.41421E+00 -3.42000E+01
    9   27  8.08360E+02 -8.14844E-02  8.91106E-03  1.10480E+00  1.59645E+00  5.40697E-01  2.02216E-01  8.99913E+09  1.66402E+09  1.88712E+00  3.29323E+00  3.03282E+00  5.94214E-01  3.51663E-01  1.36571E+00 -2.20519E+01
   10   28  7.24034E+02 -1.26575E-01  9.01243E-03  9.84169E-01  1.59374E+00  5.33376E-01  1.73232E-01  8.35486E+09  1.54538E+09  1.46934E+00  2.96710E+00  2.06316E+00  5.31955E-01  3.30743E-01  1.29717E+00 -1.48633E+01
   11   29  6.53564E+02 -1.59316E-01  6.84386E-03  8.99082E-01  1.57006E+00  5.26381E-01  1.45602E-01  7.86382E+09  1.45375E+09  1.18204E+00  2.61754E+00  1.45665E+00  4.55534E-01  3.19472E-01  1.22725E+00 -1.08089E+01
   12   30  5.99496E+02 -1.64308E-01  6.16584E-03  8.17879E-01  1.55526E+00  5.52524E-01  1.19175E-01  7.69757E+09  1.41818E+09  9.19360E-01  2.40996E+00  1.03925E+00  3.93394E-01  3.12997E-01  1.14484E+00 -8.01127E+00
   13   31  5.69104E+02 -1.67233E-01  6.47470E-03  7.43401E-01  1.50888E+00  5.41509E-01  9.80546E-02  7.84399E+09  1.43470E+09  7.11245E-01  2.13565E+00  7.87309E-01  3.78449E-01  3.05300E-01  1.07405E+00 -6.25615E+00
   14   32  5.36595E+02 -1.80499E-01  6.82702E-03  6.82486E-01  1.43546E+00  4.95053E-01  8.40420E-02  8.19710E+09  1.48459E+09  5.46409E-01  1.72748E+00  5.97148E-01  3.76131E-01  2.94929E-01  9.82263E-01 -5.01275E+00
   15   33  4.88914E+02 -1.71615E-01  6.64211E-03  6.05207E-01  1.33098E+00  4.47219E-01  7.17153E-02  8.77078E+09  1.56989E+09  3.72596E-01  1.27553E+00  4.04985E-01  3.74717E-01  2.77019E-01  8.54004E-01 -3.45882E+00
   16   34  4.23748E+02 -1.64243E-01  6.10161E-03  5.12338E-01  1.18618E+00  3.86052E-01  5.92424E-02  9.33591E+09  1.64783E+09  2.21200E-01  8.29391E-01  2.41852E-01  3.78605E-01  2.57127E-01  7.09846E-01 -1.86064E+00
   17   35  3.53432E+02 -1.40145E-01  5.07764E-03  4.34340E-01  1.03167E+00  3.25273E-01  4.88839E-02  1.02679E+10  1.79307E+09  1.22479E-01  4.83271E-01  1.36305E-01  3.82449E-01  2.44729E-01  5.51191E-01 -4.30562E-01
   18   36  2.86127E+02 -1.15948E-01  4.11655E-03  3.72011E-01  8.84389E-01  2.70403E-01  4.03065E-02  1.14872E+10  1.99859E+09  6.56683E-02  2.59588E-01  7.47603E-02  3.86890E-01  2.40107E-01  4.06549E-01  7.21101E-01
   19   37  2.20527E+02 -9.48049E-02  3.40147E-03  3.20706E-01  7.55339E-01  2.26968E-01  3.27679E-02  1.26677E+10  2.22816E+09  3.43572E-02  1.32929E-01  4.04392E-02  3.98187E-01  2.42224E-01  2.86893E-01  1.60762E+00
   20   38  1.59420E+02 -7.87609E-02  2.97376E-03  2.72535E-01  6.49594E-01  2.00264E-01  2.60652E-02  1.27721E+10  2.31398E+09  1.77134E-02  6.96317E-02  2.23274E-02  4.24733E-01  2.57610E-01  2.02730E-01  2.27541E+00
   21   39  1.01933E+02 -6.34083E-02  2.50088E-03  2.25540E-01  5.59537E-01  1.86972E-01  1.96328E-02  1.30390E+10  2.56695E+09  7.49137E-03  3.18021E-02  1.06039E-02  4.90764E-01  2.78275E-01  1.22271E-01  2.74691E+00
   22   40  6.93676E+01 -5.46938E-02  2.18054E-03  1.92402E-01  5.10015E-01  1.87783E-01  1.54419E-02  1.22326E+10  2.64138E+09  3.73840E-03  1.82840E-02  6.03009E-03  5.65192E-01  2.87120E-01  8.37179E-02  3.05814E+00
   23   41  5.70977E+01 -5.65369E-02  2.15179E-03  1.76376E-01  4.87992E-01  1.89908E-01  1.34656E-02  1.17376E+10  2.66641E+09  2.66933E-03  1.41990E-02  4.57831E-03  6.07759E-01  2.79622E-01  6.99389E-02  3.26317E+00
   24   42  4.51774E+01 -4.34979E-02  1.75871E-03  1.55956E-01  4.58050E-01  1.99162E-01  1.15587E-02  1.12327E+10  2.73723E+09  1.68244E-03  1.04772E-02  3.15008E-03  6.56577E-01  2.72655E-01  5.56744E-02  3.38952E+00
   25   43  3.23795E+01 -2.83335E-02  1.27730E-03  1.27836E-01  4.08052E-01  2.02772E-01  9.27742E-03  9.79074E+09  2.65479E+09  8.87087E-04  6.79594E-03  1.82696E-03  6.97675E-01  2.62208E-01  4.22409E-02  3.51634E+00
   26   44  2.04998E+01 -1.39985E-02  7.96179E-04  9.22910E-02  3.24590E-01  1.81870E-01  6.75571E-03  7.81309E+09  2.40355E+09  3.40952E-04  3.38443E-03  7.67980E-04  7.01689E-01  2.37022E-01  3.04388E-02  4.03996E+00
________________________________________________________________________________________________________________________________________________________________________
Beam data for body number :  8 with the name :blade2
Element positions in body coordinates:
 nr_l   ID            L         r1_x         r1_y         r1_z        r12_x        r12_y        r12_z
    -    -            m            m            m            m            m            m            m
    1   45  3.29955E+00 -5.72069E-03 -1.10134E-03  2.13042E-06 -1.44868E-03 -1.35062E-02  3.29953E+00
    2   46  3.29955E+00 -7.16937E-03 -1.46075E-02  3.29953E+00 -9.21618E-03 -1.45067E-02  3.29950E+00
    3   47  1.10007E+00 -1.63856E-02 -2.91142E-02  6.59903E+00  2.91221E-03 -9.46113E-03  1.10002E+00
    4   48  1.87129E+00 -1.34733E-02 -3.85753E-02  7.69905E+00 -1.10950E-02 -4.97721E-03  1.87125E+00
    5   49  1.87655E+00 -2.45683E-02 -4.35525E-02  9.57030E+00  9.95424E-04 -1.87357E-02  1.87645E+00
    6   50  1.98869E+00 -2.35729E-02 -6.22882E-02  1.14468E+01 -3.83903E-02 -1.54070E-02  1.98826E+00
    7   51  1.10567E+00 -6.19633E-02 -7.76952E-02  1.34350E+01 -1.01408E-02  2.29837E-03  1.10562E+00
    8   52  1.98959E+00 -7.21040E-02 -7.53968E-02  1.45406E+01 -1.39836E-02  1.54810E-02  1.98948E+00
    9   53  3.52927E+00 -8.60877E-02 -5.99159E-02  1.65301E+01 -4.69750E-02 -3.67499E-03  3.52896E+00
   10   54  3.51767E+00 -1.33063E-01 -6.35908E-02  2.00591E+01 -1.29639E-02 -1.15696E-02  3.51763E+00
   11   55  3.51493E+00 -1.46027E-01 -7.51604E-02  2.35767E+01  3.50855E-02 -3.86456E-02  3.51455E+00
   12   56  3.51293E+00 -1.10941E-01 -1.13806E-01  2.70912E+01 -5.87373E-02 -5.65284E-02  3.51199E+00
   13   57  3.51524E+00 -1.69678E-01 -1.70334E-01  3.06032E+01  1.54971E-02 -7.21242E-02  3.51446E+00
   14   58  3.51411E+00 -1.54181E-01 -2.42459E-01  3.41177E+01  2.98940E-02 -7.50846E-02  3.51318E+00
   15   59  6.59910E+00 -1.24287E-01 -3.17543E-01  3.76309E+01  1.83950E-02 -1.73054E-01  6.59680E+00
   16   60  7.04512E+00 -1.05892E-01 -4.90597E-01  4.42277E+01  3.07168E-02 -2.32629E-01  7.04121E+00
   17   61  7.04823E+00 -7.51755E-02 -7.23226E-01  5.12689E+01  2.09313E-02 -2.89427E-01  7.04226E+00
   18   62  7.05095E+00 -5.42442E-02 -1.01265E+00  5.83111E+01  7.44889E-03 -3.54275E-01  7.04204E+00
   19   63  7.05445E+00 -4.67953E-02 -1.36693E+00  6.53532E+01 -4.71795E-03 -4.20561E-01  7.04190E+00
   20   64  7.05832E+00 -5.15132E-02 -1.78749E+00  7.23951E+01 -1.17465E-02 -4.92354E-01  7.04112E+00
   21   65  7.50569E+00 -6.32597E-02 -2.27984E+00  7.94362E+01 -4.38894E-02 -6.10749E-01  7.48067E+00
   22   66  1.65611E+00 -1.07149E-01 -2.89059E+00  8.69169E+01 -7.52988E-03 -1.46957E-01  1.64956E+00
   23   67  1.65731E+00 -1.14679E-01 -3.03755E+00  8.85664E+01 -1.62534E-02 -1.52487E-01  1.65020E+00
   24   68  1.65778E+00 -1.30932E-01 -3.19004E+00  9.02166E+01 -2.09706E-02 -1.58581E-01  1.65005E+00
   25   69  1.65758E+00 -1.51903E-01 -3.34862E+00  9.18667E+01 -6.99139E-03 -1.63511E-01  1.64948E+00
   26   70  1.48077E+00 -1.58894E-01 -3.51213E+00  9.35162E+01  7.97998E-02 -1.46563E-01  1.47133E+00
Element orientation in body coordinates
 nr_l   ID               Local x-vec                            Local y-vec                            Local z-vec
    -    -          x_B          y_B          z_B          x_B          y_B          z_B          x_B          y_B          z_B
    1   45  9.27613E-01 -3.73540E-01 -1.12176E-03  3.73542E-01  9.27605E-01  3.96104E-03 -4.39055E-04 -4.09334E-03  9.99992E-01
    2   46  9.27610E-01 -3.73549E-01  9.48649E-04  3.73540E-01  9.27600E-01  5.12168E-03 -2.79317E-03 -4.39656E-03  9.99986E-01
