Version ID : 12.8.0
________________________________________________________________________________________________________________________________________________________________________
Beam element data in used bodies
________________________________________________________________________________________________________________________________________________________________________
Time : 11:10:03
Date : 11:11.2021
________________________________________________________________________________________________________________________________________________________________________
________________________________________________________________________________________________________________________________________________________________________
Beam data for body number :  1 with the name :tower
Element positions in body coordinates:
 nr_l   ID            L         r1_x         r1_y         r1_z        r12_x        r12_y        r12_z
    -    -            m            m            m            m            m            m            m
    1    1  1.15000E+01  0.00000E+00  0.00000E+00  0.00000E+00  0.00000E+00  0.00000E+00 -1.15000E+01
    2    2  1.15000E+01  0.00000E+00  0.00000E+00 -1.15000E+01  0.00000E+00  0.00000E+00 -1.15000E+01
    3    3  1.15000E+01  0.00000E+00  0.00000E+00 -2.30000E+01  0.00000E+00  0.00000E+00 -1.15000E+01
    4    4  1.15000E+01  0.00000E+00  0.00000E+00 -3.45000E+01  0.00000E+00  0.00000E+00 -1.15000E+01
    5    5  1.15000E+01  0.00000E+00  0.00000E+00 -4.60000E+01  0.00000E+00  0.00000E+00 -1.15000E+01
    6    6  1.15000E+01  0.00000E+00  0.00000E+00 -5.75000E+01  0.00000E+00  0.00000E+00 -1.15000E+01
    7    7  1.15000E+01  0.00000E+00  0.00000E+00 -6.90000E+01  0.00000E+00  0.00000E+00 -1.15000E+01
    8    8  1.15000E+01  0.00000E+00  0.00000E+00 -8.05000E+01  0.00000E+00  0.00000E+00 -1.15000E+01
    9    9  1.15000E+01  0.00000E+00  0.00000E+00 -9.20000E+01  0.00000E+00  0.00000E+00 -1.15000E+01
   10   10  1.21300E+01  0.00000E+00  0.00000E+00 -1.03500E+02  0.00000E+00  0.00000E+00 -1.21300E+01
Element orientation in body coordinates
 nr_l   ID               Local x-vec                            Local y-vec                            Local z-vec
    -    -          x_B          y_B          z_B          x_B          y_B          z_B          x_B          y_B          z_B
    1    1 -1.00000E+00  0.00000E+00  0.00000E+00  0.00000E+00  1.00000E+00  0.00000E+00  0.00000E+00  0.00000E+00 -1.00000E+00
    2    2 -1.00000E+00  0.00000E+00  0.00000E+00  0.00000E+00  1.00000E+00  0.00000E+00  0.00000E+00  0.00000E+00 -1.00000E+00
    3    3 -1.00000E+00  0.00000E+00  0.00000E+00  0.00000E+00  1.00000E+00  0.00000E+00  0.00000E+00  0.00000E+00 -1.00000E+00
    4    4 -1.00000E+00  0.00000E+00  0.00000E+00  0.00000E+00  1.00000E+00  0.00000E+00  0.00000E+00  0.00000E+00 -1.00000E+00
    5    5 -1.00000E+00  0.00000E+00  0.00000E+00  0.00000E+00  1.00000E+00  0.00000E+00  0.00000E+00  0.00000E+00 -1.00000E+00
    6    6 -1.00000E+00  0.00000E+00  0.00000E+00  0.00000E+00  1.00000E+00  0.00000E+00  0.00000E+00  0.00000E+00 -1.00000E+00
    7    7 -1.00000E+00  0.00000E+00  0.00000E+00  0.00000E+00  1.00000E+00  0.00000E+00  0.00000E+00  0.00000E+00 -1.00000E+00
    8    8 -1.00000E+00  0.00000E+00  0.00000E+00  0.00000E+00  1.00000E+00  0.00000E+00  0.00000E+00  0.00000E+00 -1.00000E+00
    9    9 -1.00000E+00  0.00000E+00  0.00000E+00  0.00000E+00  1.00000E+00  0.00000E+00  0.00000E+00  0.00000E+00 -1.00000E+00
   10   10 -1.00000E+00  0.00000E+00  0.00000E+00  0.00000E+00  1.00000E+00  0.00000E+00  0.00000E+00  0.00000E+00 -1.00000E+00
Element orientation in global coordinates
 nr_l   ID               Local x-vec                            Local y-vec                            Local z-vec
    -    -          x_G          y_G          z_G          x_G          y_G          z_G          x_G          y_G          z_G
    1    1 -1.00000E+00  0.00000E+00  0.00000E+00  0.00000E+00  1.00000E+00  0.00000E+00  0.00000E+00  0.00000E+00 -1.00000E+00
    2    2 -1.00000E+00  0.00000E+00  0.00000E+00  0.00000E+00  1.00000E+00  0.00000E+00  0.00000E+00  0.00000E+00 -1.00000E+00
    3    3 -1.00000E+00  0.00000E+00  0.00000E+00  0.00000E+00  1.00000E+00  0.00000E+00  0.00000E+00  0.00000E+00 -1.00000E+00
    4    4 -1.00000E+00  0.00000E+00  0.00000E+00  0.00000E+00  1.00000E+00  0.00000E+00  0.00000E+00  0.00000E+00 -1.00000E+00
    5    5 -1.00000E+00  0.00000E+00  0.00000E+00  0.00000E+00  1.00000E+00  0.00000E+00  0.00000E+00  0.00000E+00 -1.00000E+00
    6    6 -1.00000E+00  0.00000E+00  0.00000E+00  0.00000E+00  1.00000E+00  0.00000E+00  0.00000E+00  0.00000E+00 -1.00000E+00
    7    7 -1.00000E+00  0.00000E+00  0.00000E+00  0.00000E+00  1.00000E+00  0.00000E+00  0.00000E+00  0.00000E+00 -1.00000E+00
    8    8 -1.00000E+00  0.00000E+00  0.00000E+00  0.00000E+00  1.00000E+00  0.00000E+00  0.00000E+00  0.00000E+00 -1.00000E+00
    9    9 -1.00000E+00  0.00000E+00  0.00000E+00  0.00000E+00  1.00000E+00  0.00000E+00  0.00000E+00  0.00000E+00 -1.00000E+00
   10   10 -1.00000E+00  0.00000E+00  0.00000E+00  0.00000E+00  1.00000E+00  0.00000E+00  0.00000E+00  0.00000E+00 -1.00000E+00
 nr_l   ID            M         x_cg         y_cg         ri_x         ri_y          XSC          YSC         EMOD         GMOD           IX           IY           IZ           KX           KY         AREA       STRC_P
    -    -         kg/m            m            m            m            m            m            m        N/m^2        N/m^2          m^4          m^4          m^4            -            -          m^2          deg
    1    1  8.19537E+03  0.00000E+00  0.00000E+00  2.87185E+00  2.87185E+00  0.00000E+00  0.00000E+00  2.10000E+11  8.07690E+10  8.00470E+00  8.00470E+00  1.60095E+01  5.00000E-01  5.00000E-01  9.69700E-01  0.00000E+00
    2    2  7.52799E+03  0.00000E+00  0.00000E+00  2.77410E+00  2.77410E+00  0.00000E+00  0.00000E+00  2.10000E+11  8.07690E+10  6.83558E+00  6.83558E+00  1.36711E+01  5.00000E-01  5.00000E-01  8.87396E-01  0.00000E+00
    3    3  6.86438E+03  0.00000E+00  0.00000E+00  2.67635E+00  2.67635E+00  0.00000E+00  0.00000E+00  2.10000E+11  8.07690E+10  5.79753E+00  5.79753E+00  1.15951E+01  5.00000E-01  5.00000E-01  8.08561E-01  0.00000E+00
    4    4  6.22660E+03  0.00000E+00  0.00000E+00  2.57860E+00  2.57860E+00  0.00000E+00  0.00000E+00  2.10000E+11  8.07690E+10  4.88057E+00  4.88057E+00  9.76140E+00  5.00000E-01  5.00000E-01  7.33206E-01  0.00000E+00
    5    5  5.61713E+03  0.00000E+00  0.00000E+00  2.48085E+00  2.48085E+00  0.00000E+00  0.00000E+00  2.10000E+11  8.07690E+10  4.07502E+00  4.07502E+00  8.15004E+00  5.00000E-01  5.00000E-01  6.61321E-01  0.00000E+00
    6    6  5.03665E+03  0.00000E+00  0.00000E+00  2.38310E+00  2.38310E+00  0.00000E+00  0.00000E+00  2.10000E+11  8.07690E+10  3.37162E+00  3.37162E+00  6.74319E+00  5.00000E-01  5.00000E-01  5.92916E-01  0.00000E+00
    7    7  4.48538E+03  0.00000E+00  0.00000E+00  2.28535E+00  2.28535E+00  0.00000E+00  0.00000E+00  2.10000E+11  8.07690E+10  2.76142E+00  2.76142E+00  5.52283E+00  5.00000E-01  5.00000E-01  5.27981E-01  0.00000E+00
    8    8  3.96347E+03  0.00000E+00  0.00000E+00  2.18760E+00  2.18760E+00  0.00000E+00  0.00000E+00  2.10000E+11  8.07690E+10  2.23596E+00  2.23596E+00  4.47198E+00  5.00000E-01  5.00000E-01  4.66521E-01  0.00000E+00
    9    9  3.47095E+03  0.00000E+00  0.00000E+00  2.08985E+00  2.08985E+00  0.00000E+00  0.00000E+00  2.10000E+11  8.07690E+10  1.78721E+00  1.78721E+00  3.57452E+00  5.00000E-01  5.00000E-01  4.08536E-01  0.00000E+00
   10   10  3.00371E+03  0.00000E+00  0.00000E+00  1.98940E+00  1.98940E+00  0.00000E+00  0.00000E+00  2.10000E+11  8.07690E+10  1.40211E+00  1.40211E+00  2.80422E+00  5.00000E-01  5.00000E-01  3.53546E-01  0.00000E+00
________________________________________________________________________________________________________________________________________________________________________
Beam data for body number :  2 with the name :towertop
Element positions in body coordinates:
 nr_l   ID            L         r1_x         r1_y         r1_z        r12_x        r12_y        r12_z
    -    -            m            m            m            m            m            m            m
    1   11  2.75000E+00  0.00000E+00  0.00000E+00  0.00000E+00  0.00000E+00  0.00000E+00 -2.75000E+00
Element orientation in body coordinates
 nr_l   ID               Local x-vec                            Local y-vec                            Local z-vec
    -    -          x_B          y_B          z_B          x_B          y_B          z_B          x_B          y_B          z_B
    1   11 -1.00000E+00  0.00000E+00  0.00000E+00  0.00000E+00  1.00000E+00  0.00000E+00  0.00000E+00  0.00000E+00 -1.00000E+00
Element orientation in global coordinates
 nr_l   ID               Local x-vec                            Local y-vec                            Local z-vec
    -    -          x_G          y_G          z_G          x_G          y_G          z_G          x_G          y_G          z_G
    1   11 -1.00000E+00  0.00000E+00  0.00000E+00  0.00000E+00  1.00000E+00  0.00000E+00  0.00000E+00  0.00000E+00 -1.00000E+00
 nr_l   ID            M         x_cg         y_cg         ri_x         ri_y          XSC          YSC         EMOD         GMOD           IX           IY           IZ           KX           KY         AREA       STRC_P
    -    -         kg/m            m            m            m            m            m            m        N/m^2        N/m^2          m^4          m^4          m^4            -            -          m^2          deg
    1   11  1.00000E-04  0.00000E+00  0.00000E+00  1.36000E+00  1.36000E+00  0.00000E+00  0.00000E+00  2.10000E+17  8.08000E+17  5.52000E-01  5.52000E-01  1.10000E+00  5.00000E-01  5.00000E-01  2.98000E-01  0.00000E+00
________________________________________________________________________________________________________________________________________________________________________
Beam data for body number :  3 with the name :shaft
Element positions in body coordinates:
 nr_l   ID            L         r1_x         r1_y         r1_z        r12_x        r12_y        r12_z
    -    -            m            m            m            m            m            m            m
    1   12  1.50000E+00  0.00000E+00  0.00000E+00  0.00000E+00  0.00000E+00  0.00000E+00  1.50000E+00
    2   13  1.50000E+00  0.00000E+00  0.00000E+00  1.50000E+00  0.00000E+00  0.00000E+00  1.50000E+00
    3   14  1.40000E+00  0.00000E+00  0.00000E+00  3.00000E+00  0.00000E+00  0.00000E+00  1.40000E+00
    4   15  2.70000E+00  0.00000E+00  0.00000E+00  4.40000E+00  0.00000E+00  0.00000E+00  2.70000E+00
Element orientation in body coordinates
 nr_l   ID               Local x-vec                            Local y-vec                            Local z-vec
    -    -          x_B          y_B          z_B          x_B          y_B          z_B          x_B          y_B          z_B
    1   12  1.00000E+00  0.00000E+00  0.00000E+00  0.00000E+00  1.00000E+00  0.00000E+00  0.00000E+00  0.00000E+00  1.00000E+00
    2   13  1.00000E+00  0.00000E+00  0.00000E+00  0.00000E+00  1.00000E+00  0.00000E+00  0.00000E+00  0.00000E+00  1.00000E+00
    3   14  1.00000E+00  0.00000E+00  0.00000E+00  0.00000E+00  1.00000E+00  0.00000E+00  0.00000E+00  0.00000E+00  1.00000E+00
    4   15  1.00000E+00  0.00000E+00  0.00000E+00  0.00000E+00  1.00000E+00  0.00000E+00  0.00000E+00  0.00000E+00  1.00000E+00
Element orientation in global coordinates
 nr_l   ID               Local x-vec                            Local y-vec                            Local z-vec
    -    -          x_G          y_G          z_G          x_G          y_G          z_G          x_G          y_G          z_G
    1   12  1.00000E+00  0.00000E+00  0.00000E+00  0.00000E+00 -8.71557E-02  9.96195E-01  0.00000E+00 -9.96195E-01 -8.71557E-02
    2   13  1.00000E+00  0.00000E+00  0.00000E+00  0.00000E+00 -8.71557E-02  9.96195E-01  0.00000E+00 -9.96195E-01 -8.71557E-02
    3   14  1.00000E+00  0.00000E+00  0.00000E+00  0.00000E+00 -8.71557E-02  9.96195E-01  0.00000E+00 -9.96195E-01 -8.71557E-02
    4   15  1.00000E+00  0.00000E+00  0.00000E+00  0.00000E+00 -8.71557E-02  9.96195E-01  0.00000E+00 -9.96195E-01 -8.71557E-02
 nr_l   ID            M         x_cg         y_cg         ri_x         ri_y          XSC          YSC         EMOD         GMOD           IX           IY           IZ           KX           KY         AREA       STRC_P
    -    -         kg/m            m            m            m            m            m            m        N/m^2        N/m^2          m^4          m^4          m^4            -            -          m^2          deg
    1   12  1.00000E+00  0.00000E+00  0.00000E+00  2.00000E-01  2.00000E-01  0.00000E+00  0.00000E+00  2.10000E+11  8.08000E+10  1.00000E+00  1.00000E+00  2.03600E-01  5.00000E-01  5.00000E-01  1.00000E+01  0.00000E+00
    2   13  1.00000E+00  0.00000E+00  0.00000E+00  2.00000E-01  2.00000E-01  0.00000E+00  0.00000E+00  2.10000E+11  8.08000E+10  1.00000E+00  1.00000E+00  2.03600E-01  5.00000E-01  5.00000E-01  1.00000E+01  0.00000E+00
    3   14  1.00000E+00  0.00000E+00  0.00000E+00  2.00000E-01  2.00000E-01  0.00000E+00  0.00000E+00  2.10000E+11  8.08000E+10  1.00000E+00  1.00000E+00  2.03600E-01  5.00000E-01  5.00000E-01  1.00000E+01  0.00000E+00
    4   15  1.00000E+00  0.00000E+00  0.00000E+00  2.00000E-01  2.00000E-01  0.00000E+00  0.00000E+00  2.10000E+11  8.08000E+10  1.00000E+00  1.00000E+00  2.03600E-01  5.00000E-01  5.00000E-01  1.00000E+01  0.00000E+00
________________________________________________________________________________________________________________________________________________________________________
Beam data for body number :  4 with the name :hub1
Element positions in body coordinates:
 nr_l   ID            L         r1_x         r1_y         r1_z        r12_x        r12_y        r12_z
    -    -            m            m            m            m            m            m            m
    1   16  2.80000E+00  0.00000E+00  0.00000E+00  0.00000E+00  0.00000E+00  0.00000E+00  2.80000E+00
Element orientation in body coordinates
 nr_l   ID               Local x-vec                            Local y-vec                            Local z-vec
    -    -          x_B          y_B          z_B          x_B          y_B          z_B          x_B          y_B          z_B
    1   16  1.00000E+00  0.00000E+00  0.00000E+00  0.00000E+00  1.00000E+00  0.00000E+00  0.00000E+00  0.00000E+00  1.00000E+00
Element orientation in global coordinates
 nr_l   ID               Local x-vec                            Local y-vec                            Local z-vec
    -    -          x_G          y_G          z_G          x_G          y_G          z_G          x_G          y_G          z_G
    1   16 -1.00000E+00  1.06735E-17 -1.21999E-16  5.34183E-18  9.99048E-01  4.36194E-02  1.22348E-16  4.36194E-02 -9.99048E-01
 nr_l   ID            M         x_cg         y_cg         ri_x         ri_y          XSC          YSC         EMOD         GMOD           IX           IY           IZ           KX           KY         AREA       STRC_P
    -    -         kg/m            m            m            m            m            m            m        N/m^2        N/m^2          m^4          m^4          m^4            -            -          m^2          deg
    1   16  1.00000E+00  0.00000E+00  0.00000E+00  1.50000E+00  1.50000E+00  0.00000E+00  0.00000E+00  2.10000E+16  8.08000E+15  5.52000E+00  5.52000E+00  1.10000E+00  5.00000E-01  5.00000E-01  2.98000E-01  0.00000E+00
________________________________________________________________________________________________________________________________________________________________________
Beam data for body number :  5 with the name :hub2
Element positions in body coordinates:
 nr_l   ID            L         r1_x         r1_y         r1_z        r12_x        r12_y        r12_z
    -    -            m            m            m            m            m            m            m
    1   17  2.80000E+00  0.00000E+00  0.00000E+00  0.00000E+00  0.00000E+00  0.00000E+00  2.80000E+00
Element orientation in body coordinates
 nr_l   ID               Local x-vec                            Local y-vec                            Local z-vec
    -    -          x_B          y_B          z_B          x_B          y_B          z_B          x_B          y_B          z_B
    1   17  1.00000E+00  0.00000E+00  0.00000E+00  0.00000E+00  1.00000E+00  0.00000E+00  0.00000E+00  0.00000E+00  1.00000E+00
Element orientation in global coordinates
 nr_l   ID               Local x-vec                            Local y-vec                            Local z-vec
    -    -          x_G          y_G          z_G          x_G          y_G          z_G          x_G          y_G          z_G
    1   17  5.00000E-01  7.54791E-02 -8.62730E-01  3.77755E-02  9.93346E-01  1.08799E-01  8.65201E-01 -8.69898E-02  4.93822E-01
 nr_l   ID            M         x_cg         y_cg         ri_x         ri_y          XSC          YSC         EMOD         GMOD           IX           IY           IZ           KX           KY         AREA       STRC_P
    -    -         kg/m            m            m            m            m            m            m        N/m^2        N/m^2          m^4          m^4          m^4            -            -          m^2          deg
    1   17  1.00000E+00  0.00000E+00  0.00000E+00  1.50000E+00  1.50000E+00  0.00000E+00  0.00000E+00  2.10000E+16  8.08000E+15  5.52000E+00  5.52000E+00  1.10000E+00  5.00000E-01  5.00000E-01  2.98000E-01  0.00000E+00
________________________________________________________________________________________________________________________________________________________________________
Beam data for body number :  6 with the name :hub3
Element positions in body coordinates:
 nr_l   ID            L         r1_x         r1_y         r1_z        r12_x        r12_y        r12_z
    -    -            m            m            m            m            m            m            m
    1   18  2.80000E+00  0.00000E+00  0.00000E+00  0.00000E+00  0.00000E+00  0.00000E+00  2.80000E+00
Element orientation in body coordinates
 nr_l   ID               Local x-vec                            Local y-vec                            Local z-vec
    -    -          x_B          y_B          z_B          x_B          y_B          z_B          x_B          y_B          z_B
    1   18  1.00000E+00  0.00000E+00  0.00000E+00  0.00000E+00  1.00000E+00  0.00000E+00  0.00000E+00  0.00000E+00  1.00000E+00
Element orientation in global coordinates
 nr_l   ID               Local x-vec                            Local y-vec                            Local z-vec
    -    -          x_G          y_G          z_G          x_G          y_G          z_G          x_G          y_G          z_G
    1   18  5.00000E-01 -7.54791E-02  8.62730E-01 -3.77755E-02  9.93346E-01  1.08799E-01 -8.65201E-01 -8.69898E-02  4.93822E-01
 nr_l   ID            M         x_cg         y_cg         ri_x         ri_y          XSC          YSC         EMOD         GMOD           IX           IY           IZ           KX           KY         AREA       STRC_P
    -    -         kg/m            m            m            m            m            m            m        N/m^2        N/m^2          m^4          m^4          m^4            -            -          m^2          deg
    1   18  1.00000E+00  0.00000E+00  0.00000E+00  1.50000E+00  1.50000E+00  0.00000E+00  0.00000E+00  2.10000E+16  8.08000E+15  5.52000E+00  5.52000E+00  1.10000E+00  5.00000E-01  5.00000E-01  2.98000E-01  0.00000E+00
________________________________________________________________________________________________________________________________________________________________________
Beam data for body number :  7 with the name :blade1
Element positions in body coordinates:
 nr_l   ID            L         r1_x         r1_y         r1_z        r12_x        r12_y        r12_z
    -    -            m            m            m            m            m            m            m
    1   19  3.29955E+00 -6.29187E-03 -1.21899E-03  2.34313E-06 -1.59106E-03 -1.35060E-02  3.29953E+00
    2   20  3.29954E+00 -7.88293E-03 -1.47250E-02  3.29953E+00 -9.33830E-03 -1.45590E-02  3.29950E+00
    3   21  1.10009E+00 -1.72212E-02 -2.92840E-02  6.59903E+00  4.48072E-03 -1.01411E-02  1.10004E+00
    4   22  1.87138E+00 -1.27405E-02 -3.94251E-02  7.69906E+00 -8.33680E-03 -5.37739E-03  1.87135E+00
    5   23  1.87710E+00 -2.10773E-02 -4.48025E-02  9.57041E+00  9.05691E-03 -2.13636E-02  1.87696E+00
    6   24  1.98916E+00 -1.20204E-02 -6.61661E-02  1.14474E+01 -3.13482E-02 -1.78769E-02  1.98883E+00
    7   25  1.10599E+00 -4.33686E-02 -8.40430E-02  1.34362E+01 -4.24627E-03  1.96437E-03  1.10598E+00
    8   26  1.99014E+00 -4.76148E-02 -8.20786E-02  1.45422E+01 -3.23091E-03  1.67166E-02  1.99007E+00
    9   27  3.52949E+00 -5.08457E-02 -6.53619E-02  1.65323E+01 -3.21797E-02 -2.59825E-03  3.52934E+00
   10   28  3.51715E+00 -8.30255E-02 -6.79602E-02  2.00616E+01  7.27180E-05 -9.19445E-03  3.51714E+00
   11   29  3.51446E+00 -8.29528E-02 -7.71546E-02  2.35787E+01  4.78070E-02 -3.76783E-02  3.51393E+00
   12   30  3.51215E+00 -3.51457E-02 -1.14833E-01  2.70927E+01 -5.95380E-02 -5.61594E-02  3.51119E+00
   13   31  3.51474E+00 -9.46837E-02 -1.70992E-01  3.06039E+01  1.88841E-02 -7.21179E-02  3.51395E+00
   14   32  3.51344E+00 -7.57996E-02 -2.43110E-01  3.41178E+01  3.23758E-02 -7.42241E-02  3.51251E+00
   15   33  6.59874E+00 -4.34238E-02 -3.17334E-01  3.76303E+01  1.41427E-02 -1.71449E-01  6.59650E+00
   16   34  7.04512E+00 -2.92811E-02 -4.88784E-01  4.42268E+01  2.52582E-02 -2.31053E-01  7.04129E+00
   17   35  7.04834E+00 -4.02287E-03 -7.19837E-01  5.12681E+01  1.40245E-02 -2.88501E-01  7.04242E+00
   18   36  7.05109E+00  1.00016E-02 -1.00834E+00  5.83105E+01 -7.22019E-04 -3.54043E-01  7.04220E+00
   19   37  7.05466E+00  9.27960E-03 -1.36238E+00  6.53527E+01 -1.37279E-02 -4.20847E-01  7.04208E+00
   20   38  7.05852E+00 -4.44828E-03 -1.78323E+00  7.23948E+01 -2.08525E-02 -4.92820E-01  7.04126E+00
   21   39  7.50595E+00 -2.53008E-02 -2.27605E+00  7.94361E+01 -5.62985E-02 -6.11456E-01  7.48079E+00
   22   40  1.65610E+00 -8.15993E-02 -2.88750E+00  8.69169E+01 -1.04720E-02 -1.47077E-01  1.64953E+00
   23   41  1.65737E+00 -9.20712E-02 -3.03458E+00  8.85664E+01 -2.04482E-02 -1.52739E-01  1.65019E+00
   24   42  1.65789E+00 -1.12519E-01 -3.18732E+00  9.02166E+01 -2.64573E-02 -1.58975E-01  1.65004E+00
   25   43  1.65761E+00 -1.38977E-01 -3.34629E+00  9.18666E+01 -1.29531E-02 -1.64051E-01  1.64942E+00
   26   44  1.48057E+00 -1.51930E-01 -3.51035E+00  9.35160E+01  7.48096E-02 -1.47214E-01  1.47133E+00
Element orientation in body coordinates
 nr_l   ID               Local x-vec                            Local y-vec                            Local z-vec
    -    -          x_B          y_B          z_B          x_B          y_B          z_B          x_B          y_B          z_B
    1   19  9.27613E-01 -3.73540E-01 -1.08171E-03  3.73542E-01  9.27605E-01  3.97710E-03 -4.82205E-04 -4.09328E-03  9.99992E-01
    2   20  9.27610E-01 -3.73549E-01  9.77057E-04  3.73540E-01  9.27600E-01  5.15022E-03 -2.83018E-03 -4.41242E-03  9.99986E-01
    3   21  9.27606E-01 -3.73491E-01 -7.22155E-03  3.73538E-01  9.27588E-01  7.02984E-03  4.07304E-03 -9.21844E-03  9.99949E-01
    4   22  7.86246E-01 -6.17912E-01  1.72711E-03  6.17898E-01  7.86242E-01  5.01201E-03 -4.45490E-03 -2.87349E-03  9.99986E-01
    5   23  4.72322E-01 -8.81340E-01 -1.23105E-02  8.81413E-01  4.72345E-01  1.12316E-03  4.82494E-03 -1.13811E-02  9.99924E-01
    6   24  5.87158E-01 -8.09470E-01  1.97881E-03  8.09319E-01  5.87092E-01  1.80337E-02 -1.57595E-02 -8.98716E-03  9.99835E-01
    7   25  7.07872E-01 -7.06329E-01  3.97230E-03  7.06330E-01  7.07881E-01  1.45456E-03 -3.83932E-03  1.77611E-03  9.99991E-01
    8   26  8.27080E-01 -5.62052E-01  6.06403E-03  5.62082E-01  8.27059E-01 -6.03477E-03 -1.62346E-03  8.39972E-03  9.99963E-01
    9   27  9.26806E-01 -3.75453E-01  8.17401E-03  3.75431E-01  9.26841E-01  4.10542E-03 -9.11740E-03 -7.36155E-04  9.99958E-01
   10   28  9.66541E-01 -2.56512E-01 -6.90552E-04  2.56513E-01  9.66538E-01  2.52140E-03  2.06753E-05 -2.61417E-03  9.99997E-01
   11   29  9.82167E-01 -1.87380E-01 -1.53716E-02  1.87516E-01  9.82229E-01  7.98085E-03  1.36030E-02 -1.07210E-02  9.99850E-01
   12   30  9.90098E-01 -1.39619E-01  1.45556E-02  1.39348E-01  9.90076E-01  1.81985E-02 -1.69520E-02 -1.59900E-02  9.99728E-01
   13   31  9.94030E-01 -1.08841E-01 -7.57575E-03  1.08972E-01  9.93847E-01  1.98114E-02  5.37284E-03 -2.05187E-02  9.99775E-01
   14   32  9.96133E-01 -8.71641E-02 -1.10235E-02  8.73738E-02  9.95970E-01  2.02408E-02  9.21482E-03 -2.11257E-02  9.99734E-01
   15   33  9.98176E-01 -6.02551E-02 -3.70616E-03  6.03309E-02  9.97845E-01  2.58056E-02  2.14325E-03 -2.59821E-02  9.99660E-01
   16   34  9.99466E-01 -3.23337E-02 -4.64624E-03  3.24685E-02  9.98939E-01  3.26627E-02  3.58520E-03 -3.27962E-02  9.99456E-01
   17   35  9.99970E-01 -7.42691E-03 -2.29562E-03  7.51464E-03  9.99134E-01  4.09158E-02  1.98976E-03 -4.09318E-02  9.99160E-01
   18   36  9.99921E-01  1.25642E-02  7.34181E-04 -1.25853E-02  9.98660E-01  5.02059E-02 -1.02398E-04 -5.02111E-02  9.98739E-01
   19   37  9.99605E-01  2.78886E-02  3.61530E-03 -2.80545E-02  9.97829E-01  5.95773E-02 -1.94593E-03 -5.96552E-02  9.98217E-01
   20   38  9.99207E-01  3.94000E-02  5.71674E-03 -3.97028E-02  9.96781E-01  6.96475E-02 -2.95424E-03 -6.98192E-02  9.97555E-01
   21   39  9.98823E-01  4.71547E-02  1.13712E-02 -4.79230E-02  9.95560E-01  8.10132E-02 -7.50051E-03 -8.14628E-02  9.96648E-01
   22   40  9.98556E-01  5.25777E-02  1.10273E-02 -5.33483E-02  9.94660E-01  8.83485E-02 -6.32325E-03 -8.88092E-02  9.96029E-01
   23   41  9.98303E-01  5.55448E-02  1.75115E-02 -5.69180E-02  9.94194E-01  9.13152E-02 -1.23377E-02 -9.21570E-02  9.95668E-01
   24   42  9.98124E-01  5.73236E-02  2.15271E-02 -5.91163E-02  9.93740E-01  9.47947E-02 -1.59583E-02 -9.58894E-02  9.95264E-01
   25   43  9.98087E-01  6.02601E-02  1.38316E-02 -6.13313E-02  9.93264E-01  9.83084E-02 -7.81433E-03 -9.89687E-02  9.95060E-01
   26   44  9.96241E-01  7.51201E-02 -4.31377E-02 -7.03622E-02  9.92205E-01  1.02853E-01  5.05277E-02 -9.94308E-02  9.93761E-01
Element orientation in global coordinates
 nr_l   ID               Local x-vec                            Local y-vec                            Local z-vec
    -    -          x_G          y_G          z_G          x_G          y_G          z_G          x_G          y_G          z_G
    1   19 -9.27613E-01 -3.73232E-01 -1.52129E-02 -3.73542E-01  9.26896E-01  3.64882E-02  4.82205E-04  3.95296E-02 -9.99218E-01
    2   20 -9.27610E-01 -3.73151E-01 -1.72701E-02 -3.73540E-01  9.26942E-01  3.53160E-02  2.83018E-03  3.92106E-02 -9.99227E-01
    3   21 -9.27606E-01 -3.73450E-01 -9.07677E-03 -3.73538E-01  9.27012E-01  3.34377E-02 -4.07304E-03  3.44075E-02 -9.99400E-01
    4   22 -7.86246E-01 -6.17248E-01 -2.86784E-02 -6.17898E-01  7.85713E-01  2.92882E-02  4.45490E-03  4.07480E-02 -9.99160E-01
    5   23 -4.72322E-01 -8.81038E-01 -2.61447E-02 -8.81413E-01  4.71945E-01  1.94813E-02 -4.82494E-03  3.22457E-02 -9.99468E-01
    6   24 -5.87158E-01 -8.08613E-01 -3.72855E-02 -8.09319E-01  5.87320E-01  7.59203E-03  1.57595E-02  3.46336E-02 -9.99276E-01
    7   25 -7.07872E-01 -7.05484E-01 -3.47782E-02 -7.06330E-01  7.07271E-01  2.94242E-02  3.83932E-03  4.53934E-02 -9.98962E-01
    8   26 -8.27080E-01 -5.61252E-01 -3.05746E-02 -5.62082E-01  8.26009E-01  4.21048E-02  1.62346E-03  5.20095E-02 -9.98645E-01
    9   27 -9.26806E-01 -3.74739E-01 -2.45432E-02 -3.75431E-01  9.26138E-01  3.63267E-02  9.11740E-03  4.28821E-02 -9.99039E-01
   10   28 -9.66541E-01 -2.56298E-01 -1.04990E-02 -2.56513E-01  9.65728E-01  3.96408E-02 -2.06753E-05  4.10076E-02 -9.99159E-01
   11   29 -9.82167E-01 -1.87872E-01  7.18357E-03 -1.87516E-01  9.81642E-01  3.48710E-02 -1.36030E-02  3.29021E-02 -9.99366E-01
   12   30 -9.90098E-01 -1.38851E-01 -2.06318E-02 -1.39348E-01  9.89928E-01  2.50053E-02  1.69520E-02  2.76327E-02 -9.99474E-01
   13   31 -9.94030E-01 -1.09068E-01  2.82096E-03 -1.08972E-01  9.93766E-01  2.35584E-02 -5.37284E-03  2.31104E-02 -9.99718E-01
   14   32 -9.96133E-01 -8.75619E-02  7.21099E-03 -8.73738E-02  9.95905E-01  2.32220E-02 -9.21482E-03  2.25022E-02 -9.99704E-01
   15   33 -9.98176E-01 -6.03594E-02  1.07434E-03 -6.03309E-02  9.98021E-01  1.77443E-02 -2.14325E-03  1.76472E-02 -9.99842E-01
   16   34 -9.99466E-01 -3.25056E-02  3.23144E-03 -3.24685E-02  9.99413E-01  1.09415E-02 -3.58520E-03  1.08307E-02 -9.99935E-01
   17   35 -9.99970E-01 -7.51998E-03  1.96948E-03 -7.51464E-03  9.99968E-01  2.70474E-03 -1.98976E-03  2.68986E-03 -9.99994E-01
   18   36 -9.99921E-01  1.25843E-02 -1.85438E-04  1.25853E-02  9.99899E-01 -6.59718E-03  1.02398E-04 -6.59899E-03 -9.99978E-01
   19   37 -9.99605E-01  2.80197E-02 -2.39538E-03  2.80545E-02  9.99478E-01 -1.59959E-02  1.94593E-03 -1.60568E-02 -9.99869E-01
   20   38 -9.99207E-01  3.96118E-02 -3.99270E-03  3.97028E-02  9.98871E-01 -2.61022E-02  2.95424E-03 -2.62400E-02 -9.99651E-01
   21   39 -9.98823E-01  4.76058E-02 -9.30347E-03  4.79230E-02  9.98146E-01 -3.75104E-02  7.50051E-03 -3.79121E-02 -9.99253E-01
   22   40 -9.98556E-01  5.30087E-02 -8.72340E-03  5.33483E-02  9.97567E-01 -4.48780E-02  6.32325E-03 -4.52785E-02 -9.98954E-01
   23   41 -9.98303E-01  5.62558E-02 -1.50720E-02  5.69180E-02  9.97231E-01 -4.78622E-02  1.23377E-02 -4.86388E-02 -9.98740E-01
   24   42 -9.98124E-01  5.82080E-02 -1.90062E-02  5.91163E-02  9.96929E-01 -5.13581E-02  1.59583E-02 -5.23854E-02 -9.98499E-01
   25   43 -9.98087E-01  6.08061E-02 -1.11899E-02  6.13313E-02  9.96607E-01 -5.48893E-02  7.81433E-03 -5.54706E-02 -9.98430E-01
   26   44 -9.96241E-01  7.31670E-02  4.63733E-02  7.03622E-02  9.95747E-01 -5.94754E-02 -5.05277E-02 -5.59889E-02 -9.97152E-01
 nr_l   ID            M         x_cg         y_cg         ri_x         ri_y          XSC          YSC         EMOD         GMOD           IX           IY           IZ           KX           KY         AREA       STRC_P
    -    -         kg/m            m            m            m            m            m            m        N/m^2        N/m^2          m^4          m^4          m^4            -            -          m^2          deg
    1   19  1.44331E+03  1.92301E-04 -4.81577E-04  2.00609E+00  1.94075E+00  2.88552E-03 -6.70692E-03  1.26199E+10  2.52295E+09  7.20647E+00  7.08259E+00  1.59246E+01  5.45961E-01  7.02425E-01  1.71060E+00 -2.19342E+01
    2   20  1.43175E+03 -3.96307E-03 -1.40054E-03  1.98624E+00  1.92887E+00  1.39656E-02  2.29665E-03  1.24075E+10  2.45292E+09  7.25022E+00  7.02607E+00  1.57675E+01  5.55496E-01  6.84171E-01  1.74042E+00 -2.19342E+01
    3   21  1.37520E+03 -1.02737E-02 -2.36316E-03  1.93466E+00  1.90514E+00  2.55401E-02  1.48730E-02  1.18012E+10  2.29823E+09  7.04510E+00  6.83083E+00  1.49791E+01  5.66540E-01  6.54086E-01  1.76173E+00 -2.19342E+01
    4   22  1.31666E+03 -1.91520E-02 -4.58584E-03  1.86070E+00  1.89281E+00  3.70351E-02  3.73655E-02  1.12628E+10  2.16385E+09  6.56696E+00  6.78911E+00  1.40033E+01  5.75945E-01  6.19535E-01  1.77393E+00 -3.81632E+01
    5   23  1.23532E+03 -3.04990E-02 -5.90814E-03  1.73955E+00  1.86968E+00  5.47710E-02  1.08038E-01  1.06691E+10  2.02047E+09  5.63245E+00  6.62372E+00  1.21273E+01  5.88571E-01  5.63286E-01  1.76375E+00 -6.18145E+01
    6   24  1.14766E+03 -4.60299E-02 -2.21311E-03  1.61191E+00  1.81848E+00  1.51829E-01  1.86742E-01  9.98839E+09  1.85969E+09  4.83248E+00  6.10122E+00  9.82855E+00  5.92853E-01  5.00558E-01  1.75178E+00 -5.40393E+01
    7   25  1.08959E+03 -5.43407E-02  2.41541E-03  1.49493E+00  1.79002E+00  2.83350E-01  2.33426E-01  9.62135E+09  1.77216E+09  4.15715E+00  5.64535E+00  7.93483E+00  5.92175E-01  4.50346E-01  1.72808E+00 -4.49375E+01
    8   26  1.05158E+03 -6.18208E-02  5.95084E-03  1.37799E+00  1.77044E+00  4.29866E-01  2.38272E-01  9.38931E+09  1.72440E+09  3.56592E+00  5.29776E+00  6.42736E+00  5.97538E-01  4.07417E-01  1.71071E+00 -3.42000E+01
    9   27  9.77727E+02 -8.96203E-02  9.80079E-03  1.21511E+00  1.75585E+00  5.94683E-01  2.22406E-01  8.99913E+09  1.66402E+09  2.76139E+00  4.81891E+00  4.43786E+00  5.94214E-01  3.51663E-01  1.65205E+00 -2.20519E+01
   10   28  8.75755E+02 -1.39213E-01  9.91228E-03  1.08243E+00  1.75287E+00  5.86631E-01  1.90528E-01  8.35486E+09  1.54538E+09  2.15005E+00  4.34169E+00  3.01897E+00  5.31955E-01  3.30743E-01  1.56913E+00 -1.48633E+01
   11   29  7.90544E+02 -1.75223E-01  7.52719E-03  9.88852E-01  1.72682E+00  5.78937E-01  1.60140E-01  7.86382E+09  1.45375E+09  1.72965E+00  3.83018E+00  2.13149E+00  4.55534E-01  3.19472E-01  1.48456E+00 -1.08089E+01
   12   30  7.25167E+02 -1.80714E-01  6.78147E-03  8.99541E-01  1.71055E+00  6.07691E-01  1.31074E-01  7.69757E+09  1.41818E+09  1.34528E+00  3.52644E+00  1.52070E+00  3.93394E-01  3.12997E-01  1.38486E+00 -8.01127E+00
   13   31  6.88421E+02 -1.83930E-01  7.12117E-03  8.17626E-01  1.65954E+00  5.95576E-01  1.07845E-01  7.84399E+09  1.43470E+09  1.04075E+00  3.12505E+00  1.15205E+00  3.78449E-01  3.05300E-01  1.29924E+00 -6.25615E+00
   14   32  6.49106E+02 -1.98521E-01  7.50867E-03  7.50629E-01  1.57878E+00  5.44482E-01  9.24332E-02  8.19710E+09  1.48459E+09  7.99549E-01  2.52778E+00  8.73794E-01  3.76131E-01  2.94929E-01  1.18820E+00 -5.01275E+00
   15   33  5.91432E+02 -1.88750E-01  7.30530E-03  6.65635E-01  1.46388E+00  4.91872E-01  7.88758E-02  8.77078E+09  1.56989E+09  5.45212E-01  1.86646E+00  5.92606E-01  3.74717E-01  2.77019E-01  1.03305E+00 -3.45882E+00
   16   34  5.12601E+02 -1.80642E-01  6.71083E-03  5.63492E-01  1.30461E+00  4.24598E-01  6.51575E-02  9.33591E+09  1.64783E+09  3.23677E-01  1.21363E+00  3.53896E-01  3.78605E-01  2.57127E-01  8.58672E-01 -1.86064E+00
   17   35  4.27538E+02 -1.54138E-01  5.58462E-03  4.77707E-01  1.13468E+00  3.57750E-01  5.37647E-02  1.02679E+10  1.79307E+09  1.79221E-01  7.07159E-01  1.99451E-01  3.82449E-01  2.44729E-01  6.66753E-01 -4.30562E-01
   18   36  3.46120E+02 -1.27524E-01  4.52757E-03  4.09154E-01  9.72691E-01  2.97401E-01  4.43310E-02  1.14872E+10  1.99859E+09  9.60909E-02  3.79850E-01  1.09395E-01  3.86890E-01  2.40107E-01  4.91786E-01  7.21101E-01
   19   37  2.66764E+02 -1.04271E-01  3.74110E-03  3.52727E-01  8.30756E-01  2.49630E-01  3.60396E-02  1.26677E+10  2.22816E+09  5.02742E-02  1.94512E-01  5.91738E-02  3.98187E-01  2.42224E-01  3.47043E-01  1.60762E+00
   20   38  1.92845E+02 -8.66249E-02  3.27068E-03  2.99746E-01  7.14453E-01  2.20260E-01  2.86677E-02  1.27721E+10  2.31398E+09  2.59196E-02  1.01891E-01  3.26711E-02  4.24733E-01  2.57610E-01  2.45235E-01  2.27541E+00
   21   39  1.23304E+02 -6.97393E-02  2.75059E-03  2.48059E-01  6.15404E-01  2.05640E-01  2.15930E-02  1.30390E+10  2.56695E+09  1.09620E-02  4.65354E-02  1.55165E-02  4.90764E-01  2.78275E-01  1.47906E-01  2.74691E+00
   22   40  8.39113E+01 -6.01548E-02  2.39825E-03  2.11613E-01  5.60938E-01  2.06532E-01  1.69837E-02  1.22326E+10  2.64138E+09  5.47032E-03  2.67546E-02  8.82369E-03  5.65192E-01  2.87120E-01  1.01270E-01  3.05814E+00
   23   41  6.90690E+01 -6.21819E-02  2.36664E-03  1.93986E-01  5.36716E-01  2.08869E-01  1.48101E-02  1.17376E+10  2.66641E+09  3.90597E-03  2.07771E-02  6.69934E-03  6.07759E-01  2.79622E-01  8.46023E-02  3.26317E+00
   24   42  5.46494E+01 -4.78410E-02  1.93431E-03  1.71527E-01  5.03784E-01  2.19047E-01  1.27128E-02  1.12327E+10  2.73723E+09  2.46187E-03  1.53311E-02  4.60944E-03  6.56577E-01  2.72655E-01  6.73471E-02  3.38952E+00
   25   43  3.91682E+01 -3.11625E-02  1.40484E-03  1.40599E-01  4.48794E-01  2.23018E-01  1.02037E-02  9.79074E+09  2.65479E+09  1.29806E-03  9.94435E-03  2.67336E-03  6.97675E-01  2.62208E-01  5.10971E-02  3.51634E+00
   26   44  2.47979E+01 -1.53962E-02  8.75674E-04  1.01506E-01  3.56999E-01  2.00029E-01  7.43024E-03  7.81309E+09  2.40355E+09  4.98908E-04  4.95236E-03  1.12377E-03  7.01689E-01  2.37022E-01  3.68206E-02  4.03996E+00
________________________________________________________________________________________________________________________________________________________________________
Beam data for body number :  8 with the name :blade2
Element positions in body coordinates:
 nr_l   ID            L         r1_x         r1_y         r1_z        r12_x        r12_y        r12_z
    -    -            m            m            m            m            m            m            m
    1   45  3.29955E+00 -6.29187E-03 -1.21899E-03  2.34313E-06 -1.59106E-03 -1.35060E-02  3.29953E+00
    2   46  3.29954E+00 -7.88293E-03 -1.47250E-02  3.29953E+00 -9.33830E-03 -1.45590E-02  3.29950E+00
    3   47  1.10009E+00 -1.72212E-02 -2.92840E-02  6.59903E+00  4.48072E-03 -1.01411E-02  1.10004E+00
    4   48  1.87138E+00 -1.27405E-02 -3.94251E-02  7.69906E+00 -8.33680E-03 -5.37739E-03  1.87135E+00
    5   49  1.87710E+00 -2.10773E-02 -4.48025E-02  9.57041E+00  9.05691E-03 -2.13636E-02  1.87696E+00
    6   50  1.98916E+00 -1.20204E-02 -6.61661E-02  1.14474E+01 -3.13482E-02 -1.78769E-02  1.98883E+00
    7   51  1.10599E+00 -4.33686E-02 -8.40430E-02  1.34362E+01 -4.24627E-03  1.96437E-03  1.10598E+00
    8   52  1.99014E+00 -4.76148E-02 -8.20786E-02  1.45422E+01 -3.23091E-03  1.67166E-02  1.99007E+00
    9   53  3.52949E+00 -5.08457E-02 -6.53619E-02  1.65323E+01 -3.21797E-02 -2.59825E-03  3.52934E+00
   10   54  3.51715E+00 -8.30255E-02 -6.79602E-02  2.00616E+01  7.27180E-05 -9.19445E-03  3.51714E+00
   11   55  3.51446E+00 -8.29528E-02 -7.71546E-02  2.35787E+01  4.78070E-02 -3.76783E-02  3.51393E+00
   12   56  3.51215E+00 -3.51457E-02 -1.14833E-01  2.70927E+01 -5.95380E-02 -5.61594E-02  3.51119E+00
   13   57  3.51474E+00 -9.46837E-02 -1.70992E-01  3.06039E+01  1.88841E-02 -7.21179E-02  3.51395E+00
   14   58  3.51344E+00 -7.57996E-02 -2.43110E-01  3.41178E+01  3.23758E-02 -7.42241E-02  3.51251E+00
   15   59  6.59874E+00 -4.34238E-02 -3.17334E-01  3.76303E+01  1.41427E-02 -1.71449E-01  6.59650E+00
   16   60  7.04512E+00 -2.92811E-02 -4.88784E-01  4.42268E+01  2.52582E-02 -2.31053E-01  7.04129E+00
   17   61  7.04834E+00 -4.02287E-03 -7.19837E-01  5.12681E+01  1.40245E-02 -2.88501E-01  7.04242E+00
   18   62  7.05109E+00  1.00016E-02 -1.00834E+00  5.83105E+01 -7.22019E-04 -3.54043E-01  7.04220E+00
   19   63  7.05466E+00  9.27960E-03 -1.36238E+00  6.53527E+01 -1.37279E-02 -4.20847E-01  7.04208E+00
   20   64  7.05852E+00 -4.44828E-03 -1.78323E+00  7.23948E+01 -2.08525E-02 -4.92820E-01  7.04126E+00
   21   65  7.50595E+00 -2.53008E-02 -2.27605E+00  7.94361E+01 -5.62985E-02 -6.11456E-01  7.48079E+00
   22   66  1.65610E+00 -8.15993E-02 -2.88750E+00  8.69169E+01 -1.04720E-02 -1.47077E-01  1.64953E+00
   23   67  1.65737E+00 -9.20712E-02 -3.03458E+00  8.85664E+01 -2.04482E-02 -1.52739E-01  1.65019E+00
   24   68  1.65789E+00 -1.12519E-01 -3.18732E+00  9.02166E+01 -2.64573E-02 -1.58975E-01  1.65004E+00
   25   69  1.65761E+00 -1.38977E-01 -3.34629E+00  9.18666E+01 -1.29531E-02 -1.64051E-01  1.64942E+00
   26   70  1.48057E+00 -1.51930E-01 -3.51035E+00  9.35160E+01  7.48096E-02 -1.47214E-01  1.47133E+00
Element orientation in body coordinates
 nr_l   ID               Local x-vec                            Local y-vec                            Local z-vec
    -    -          x_B          y_B          z_B          x_B          y_B          z_B          x_B          y_B          z_B
    1   45  9.27613E-01 -3.73540E-01 -1.08171E-03  3.73542E-01  9.27605E-01  3.97710E-03 -4.82205E-04 -4.09328E-03  9.99992E-01
    2   46  9.27610E-01 -3.73549E-01  9.77057E-04  3.73540E-01  9.27600E-01  5.15022E-03 -2.83018E-03 -4.41242E-03  9.99986E-01
